6.6924753071778449 -71.2555586776434353
3.4901511608205564 -68.0569872423927507
3.3272970950499556 -67.8992748721324091
3.4416104329567436 -68.0104516201997029
3.3431642955110399 -67.9133259954015074
3.3745794503291671 -67.9433832956091237
3.3558983358397882 -67.9270792657018490
3.3619859270236829 -67.9320923905318068
3.4425665500982432 -68.0138658042865814
3.3653538990002732 -67.9337398339210097
3.5042424750411643 -68.0727670426959151
3.4520698552451456 -68.0235067437191390
3.3628459223402971 -67.9322017655119197
3.3576544582450150 -67.9298837402508155
3.5388106637323467 -68.1082433872194599
3.5235845102218124 -68.0944469974734403
3.4214243469872936 -67.9931267762928115
3.4309240567410657 -67.9994573083400837
3.4362619884652941 -68.0081789353616699
3.4875830360527620 -68.0562663915682720
3.3718506911795525 -67.9386717763466379
3.2657475104727935 -67.8351727683684516
3.4564206976272467 -68.0265417302260715
3.3975495259011659 -67.9649952774911554
3.4881753894912051 -68.0568524814586482
3.4684458919392349 -68.0368588781102090
3.3615942569761024 -67.9320170102164695
3.4923984388351577 -68.0598661901133681
3.4181926113278354 -67.9867949634008966
3.4655851118443346 -68.0350501368768619
3.3936764792173655 -67.9631293379517274
3.3001322904976154 -67.8689439698823946
3.3942689086450497 -67.9625461132569768
3.4026789021385895 -67.9731375180099064
3.5099836718112218 -68.0793850838499850
3.4429482517630432 -68.0111158494765249
3.4100424782081649 -67.9807218059501679
3.3131208445395006 -67.8856042378406386
3.4380691726388402 -68.0096137763922570
3.3176970261211634 -67.8853095582952903
3.4363776074557455 -68.0072010329413104
3.3665315115545371 -67.9361165909730005
3.3415977392628409 -67.9110294091613582
3.4934148992159955 -68.0647389387813320
3.5728447143948601 -68.1447709028932564
3.4153368102198582 -67.9830115377606461
3.5438220880929956 -68.1143508663286212
3.3434704199119025 -67.9139084809690274
3.4630515182484105 -68.0315957897174144
3.4252355590350496 -67.9971135869407703
3.4028405713208509 -67.9764292735290212
3.3948346704561279 -67.9642291766658673
3.3794323863749272 -67.9506095733501780
3.4305905789409401 -67.9987253488779118
3.4324351573329284 -67.9986395439890714
3.4488747485338380 -68.0177122882826239
3.4258111276158867 -67.9943367604745390
3.3668463776635469 -67.9368407617261880
3.4772344253578855 -68.0457336415302478
3.4841376029267903 -68.0556955732391486
3.3742804159735211 -67.9437097897227460
3.3558949468023549 -67.9267354708271682
3.4190604039759322 -67.9839154578979219
3.3336532371671117 -67.9015182144597844
3.4215488259167275 -67.9899438597914099
3.5183285194749905 -68.0901521042732156
3.3534025591907248 -67.9205903769201598
3.4841799725734335 -68.0534855056780401
3.4345538244701221 -68.0042845196461627
3.4194879771133242 -67.9875565661919410
3.3590759456444275 -67.9280958996755260
3.4028214174944722 -67.9731737095638380
3.4564885243667121 -68.0265945638163032
3.4032345314241819 -67.9716543286698851
3.3547383446887205 -67.9257412465897801
3.5131405664251849 -68.0811123302130881
3.4391144198570793 -68.0061185009282809
3.3738608090562447 -67.9432069689199807
3.4973693375363966 -68.0673365084643081
3.4262141324520252 -67.9939863679617815
3.4332387888689766 -68.0012534197324356
3.3778540576557514 -67.9460834045000865
3.3026822922918209 -67.8724568219395650
3.4089175541916061 -67.9782995898360412
3.2726197706471463 -67.8408443353682173
3.4163822822154302 -67.9848901505694982
3.3527678722979264 -67.9221001715291379
3.3056061713880864 -67.8752947894495833
3.3705542088211260 -67.9355262296193132
3.5504424848527210 -68.1199502189493273
3.5514178604246065 -68.1180536027041796
3.4351520181588664 -68.0040262888921490
3.5413829430551065 -68.1081301979351963
3.4666451793894071 -68.0362649649715934
3.3161915427817021 -67.8874937750272665
3.4481797118510005 -68.0209825355076561
3.5045418587657773 -68.0738171243818613
3.4976673826749902 -68.0676517025822250
3.5525906365018836 -68.1223859735894166
3.5471896060444186 -68.1137254084257933
3.5464590737705932 -68.1150490512317361
3.3810320573842754 -67.9489434413509912
3.4217305163484029 -67.9925822290043413
3.3314440479610830 -67.9005493889974900
3.4221656790156798 -67.9930007787127977
3.3828399640394102 -67.9525787943446034
3.6045293857833816 -68.1713780090752834
3.4967103057940454 -68.0641983085531308
3.5053991400718472 -68.0745912382178773
3.4708923088532497 -68.0419422312301663
3.3992165090825459 -67.9674147516515745
3.3398889815126984 -67.9105697850777972
3.4715041361268058 -68.0401612632488479
3.4284069225948577 -67.9959551850979693
3.3816500231432300 -67.9518369982957893
3.4005073247337045 -67.9706213260536600
3.4128883019979623 -67.9834592300774432
3.3377376591026726 -67.9074205269762246
3.4617448548857022 -68.0296551785055641
3.4773662328988322 -68.0458635888926153
3.5096569656277610 -68.0804917521433310
3.3813877431503387 -67.9505719601759353
3.4720311266483352 -68.0412649948355011
3.5250871584971293 -68.0927834175194420
3.4429516216493155 -68.0112123731581164
3.3925007666723759 -67.9639969864972073
3.4612213952455244 -68.0315206520778446
3.5233468520731597 -68.0922362865429278
3.3473032448923639 -67.9147928002670085
3.4382802904371759 -68.0069202331700779
3.4403627747151586 -68.0125702526583638
3.5130195271300346 -68.0848294271280139
3.4706348924331905 -68.0392363719077053
3.4689136865166454 -68.0363252100081581
3.3898356378670642 -67.9577250285723409
3.4092125092024435 -67.9792897890893357
3.2703581046041355 -67.8402024261424117
3.4613370450165504 -68.0317305694278360
3.4213766185909806 -67.9889141729272524
3.4373176529917746 -68.0050814482231942
3.4191666859963856 -67.9894641517360299
3.4590052709854033 -68.0295988794883755
3.4408184110286015 -68.0125527613088110
3.2897941849440104 -67.8573073255657704
3.4738492374430017 -68.0418004773195833
3.3351536587834669 -67.9045667140248383
3.3743779017855071 -67.9459936906249453
3.4192220588824234 -67.9895462794254257
3.4215784053226201 -67.9906592015650943
3.3543128967718538 -67.9239626502690044
3.5001987302054536 -68.0665750940317906
3.4444465861629090 -68.0164251418881491
3.3810640143837420 -67.9492474530507167
3.3736600604832265 -67.9448948497684881
3.2987136037313500 -67.8673949872788853
3.4062910446436971 -67.9768258942132633
3.4801043621992975 -68.0492460731185247
3.3366148426527329 -67.9076104138753323
3.4962259298529137 -68.0617134763434848
3.6079558662139806 -68.1792936231050675
3.4226629846632979 -67.9903225800780575
3.3123248712698588 -67.8840033218919672
3.4221275011755932 -67.9923680662189440
3.4532655061393407 -68.0227911915928445
3.3367122564147222 -67.9034098940065434
3.3964740483332010 -67.9643928836808300
3.4080363686792814 -67.9762901996496822
3.4219017100124085 -67.9924789270416881
3.4052330938506401 -67.9746795935292170
3.4263228463739934 -67.9961641471092832
3.5331935616699335 -68.1018547119583104
3.4097323226863558 -67.9799371396540977
3.4571000305389941 -68.0278312238627905
3.5650345368517993 -68.1332491266028768
3.4629009599147129 -68.0337127915893944
3.4630213998962271 -68.0313138096338434
3.4458489032402988 -68.0158380190516567
3.3885154981933048 -67.9569011576627702
3.3940402840512456 -67.9607377665534926
3.4270751118675413 -67.9966681757526601
3.3764315397946243 -67.9438233680942290
3.3916121439799416 -67.9595082056386275
3.4417882779435311 -68.0107706347917116
3.5217903127200576 -68.0903037653513508
3.4186372995997463 -67.9878390026318442
3.4194703289396911 -67.9852932183912202
3.5803583141088797 -68.1482983971329617
3.4522301515646405 -68.0178124007646403
3.3867242217205558 -67.9566305134121365
3.3423909754868131 -67.9108195692917462
3.4509348813352978 -68.0184652939428531
3.3806610540750626 -67.9490926311922294
3.5343399707967533 -68.1027475588299041
3.4253332932201763 -67.9928329818831969
3.3506558996793254 -67.9159544562390636
3.4049180665741599 -67.9718656493250108
3.3551162239679564 -67.9236999675643887
3.3852069357652534 -67.9528403345128851
3.4084972226901611 -67.9774400040204085
3.5217786636538646 -68.0875544274814786
