256
21.54 21.54 21.54
Ar 0 0 0 40
Ar 0 2.6925 2.6925 40
Ar 2.6925 0 2.6925 40
Ar 2.6925 2.6925 0 40
Ar 0 0 5.385 40
Ar 0 2.6925 8.0775 40
Ar 2.6925 0 8.0775 40
Ar 2.6925 2.6925 5.385 40
Ar 0 0 10.77 40
Ar 0 2.6925 13.4625 40
Ar 2.6925 0 13.4625 40
Ar 2.6925 2.6925 10.77 40
Ar 0 0 16.155 40
Ar 0 2.6925 18.8475 40
Ar 2.6925 0 18.8475 40
Ar 2.6925 2.6925 16.155 40
Ar 0 5.385 0 40
Ar 0 8.0775 2.6925 40
Ar 2.6925 5.385 2.6925 40
Ar 2.6925 8.0775 0 40
Ar 0 5.385 5.385 40
Ar 0 8.0775 8.0775 40
Ar 2.6925 5.385 8.0775 40
Ar 2.6925 8.0775 5.385 40
Ar 0 5.385 10.77 40
Ar 0 8.0775 13.4625 40
Ar 2.6925 5.385 13.4625 40
Ar 2.6925 8.0775 10.77 40
Ar 0 5.385 16.155 40
Ar 0 8.0775 18.8475 40
Ar 2.6925 5.385 18.8475 40
Ar 2.6925 8.0775 16.155 40
Ar 0 10.77 0 40
Ar 0 13.4625 2.6925 40
Ar 2.6925 10.77 2.6925 40
Ar 2.6925 13.4625 0 40
Ar 0 10.77 5.385 40
Ar 0 13.4625 8.0775 40
Ar 2.6925 10.77 8.0775 40
Ar 2.6925 13.4625 5.385 40
Ar 0 10.77 10.77 40
Ar 0 13.4625 13.4625 40
Ar 2.6925 10.77 13.4625 40
Ar 2.6925 13.4625 10.77 40
Ar 0 10.77 16.155 40
Ar 0 13.4625 18.8475 40
Ar 2.6925 10.77 18.8475 40
Ar 2.6925 13.4625 16.155 40
Ar 0 16.155 0 40
Ar 0 18.8475 2.6925 40
Ar 2.6925 16.155 2.6925 40
Ar 2.6925 18.8475 0 40
Ar 0 16.155 5.385 40
Ar 0 18.8475 8.0775 40
Ar 2.6925 16.155 8.0775 40
Ar 2.6925 18.8475 5.385 40
Ar 0 16.155 10.77 40
Ar 0 18.8475 13.4625 40
Ar 2.6925 16.155 13.4625 40
Ar 2.6925 18.8475 10.77 40
Ar 0 16.155 16.155 40
Ar 0 18.8475 18.8475 40
Ar 2.6925 16.155 18.8475 40
Ar 2.6925 18.8475 16.155 40
Ar 5.385 0 0 40
Ar 5.385 2.6925 2.6925 40
Ar 8.0775 0 2.6925 40
Ar 8.0775 2.6925 0 40
Ar 5.385 0 5.385 40
Ar 5.385 2.6925 8.0775 40
Ar 8.0775 0 8.0775 40
Ar 8.0775 2.6925 5.385 40
Ar 5.385 0 10.77 40
Ar 5.385 2.6925 13.4625 40
Ar 8.0775 0 13.4625 40
Ar 8.0775 2.6925 10.77 40
Ar 5.385 0 16.155 40
Ar 5.385 2.6925 18.8475 40
Ar 8.0775 0 18.8475 40
Ar 8.0775 2.6925 16.155 40
Ar 5.385 5.385 0 40
Ar 5.385 8.0775 2.6925 40
Ar 8.0775 5.385 2.6925 40
Ar 8.0775 8.0775 0 40
Ar 5.385 5.385 5.385 40
Ar 5.385 8.0775 8.0775 40
Ar 8.0775 5.385 8.0775 40
Ar 8.0775 8.0775 5.385 40
Ar 5.385 5.385 10.77 40
Ar 5.385 8.0775 13.4625 40
Ar 8.0775 5.385 13.4625 40
Ar 8.0775 8.0775 10.77 40
Ar 5.385 5.385 16.155 40
Ar 5.385 8.0775 18.8475 40
Ar 8.0775 5.385 18.8475 40
Ar 8.0775 8.0775 16.155 40
Ar 5.385 10.77 0 40
Ar 5.385 13.4625 2.6925 40
Ar 8.0775 10.77 2.6925 40
Ar 8.0775 13.4625 0 40
Ar 5.385 10.77 5.385 40
Ar 5.385 13.4625 8.0775 40
Ar 8.0775 10.77 8.0775 40
Ar 8.0775 13.4625 5.385 40
Ar 5.385 10.77 10.77 40
Ar 5.385 13.4625 13.4625 40
Ar 8.0775 10.77 13.4625 40
Ar 8.0775 13.4625 10.77 40
Ar 5.385 10.77 16.155 40
Ar 5.385 13.4625 18.8475 40
Ar 8.0775 10.77 18.8475 40
Ar 8.0775 13.4625 16.155 40
Ar 5.385 16.155 0 40
Ar 5.385 18.8475 2.6925 40
Ar 8.0775 16.155 2.6925 40
Ar 8.0775 18.8475 0 40
Ar 5.385 16.155 5.385 40
Ar 5.385 18.8475 8.0775 40
Ar 8.0775 16.155 8.0775 40
Ar 8.0775 18.8475 5.385 40
Ar 5.385 16.155 10.77 40
Ar 5.385 18.8475 13.4625 40
Ar 8.0775 16.155 13.4625 40
Ar 8.0775 18.8475 10.77 40
Ar 5.385 16.155 16.155 40
Ar 5.385 18.8475 18.8475 40
Ar 8.0775 16.155 18.8475 40
Ar 8.0775 18.8475 16.155 40
Ar 10.77 0 0 40
Ar 10.77 2.6925 2.6925 40
Ar 13.4625 0 2.6925 40
Ar 13.4625 2.6925 0 40
Ar 10.77 0 5.385 40
Ar 10.77 2.6925 8.0775 40
Ar 13.4625 0 8.0775 40
Ar 13.4625 2.6925 5.385 40
Ar 10.77 0 10.77 40
Ar 10.77 2.6925 13.4625 40
Ar 13.4625 0 13.4625 40
Ar 13.4625 2.6925 10.77 40
Ar 10.77 0 16.155 40
Ar 10.77 2.6925 18.8475 40
Ar 13.4625 0 18.8475 40
Ar 13.4625 2.6925 16.155 40
Ar 10.77 5.385 0 40
Ar 10.77 8.0775 2.6925 40
Ar 13.4625 5.385 2.6925 40
Ar 13.4625 8.0775 0 40
Ar 10.77 5.385 5.385 40
Ar 10.77 8.0775 8.0775 40
Ar 13.4625 5.385 8.0775 40
Ar 13.4625 8.0775 5.385 40
Ar 10.77 5.385 10.77 40
Ar 10.77 8.0775 13.4625 40
Ar 13.4625 5.385 13.4625 40
Ar 13.4625 8.0775 10.77 40
Ar 10.77 5.385 16.155 40
Ar 10.77 8.0775 18.8475 40
Ar 13.4625 5.385 18.8475 40
Ar 13.4625 8.0775 16.155 40
Ar 10.77 10.77 0 40
Ar 10.77 13.4625 2.6925 40
Ar 13.4625 10.77 2.6925 40
Ar 13.4625 13.4625 0 40
Ar 10.77 10.77 5.385 40
Ar 10.77 13.4625 8.0775 40
Ar 13.4625 10.77 8.0775 40
Ar 13.4625 13.4625 5.385 40
Ar 10.77 10.77 10.77 40
Ar 10.77 13.4625 13.4625 40
Ar 13.4625 10.77 13.4625 40
Ar 13.4625 13.4625 10.77 40
Ar 10.77 10.77 16.155 40
Ar 10.77 13.4625 18.8475 40
Ar 13.4625 10.77 18.8475 40
Ar 13.4625 13.4625 16.155 40
Ar 10.77 16.155 0 40
Ar 10.77 18.8475 2.6925 40
Ar 13.4625 16.155 2.6925 40
Ar 13.4625 18.8475 0 40
Ar 10.77 16.155 5.385 40
Ar 10.77 18.8475 8.0775 40
Ar 13.4625 16.155 8.0775 40
Ar 13.4625 18.8475 5.385 40
Ar 10.77 16.155 10.77 40
Ar 10.77 18.8475 13.4625 40
Ar 13.4625 16.155 13.4625 40
Ar 13.4625 18.8475 10.77 40
Ar 10.77 16.155 16.155 40
Ar 10.77 18.8475 18.8475 40
Ar 13.4625 16.155 18.8475 40
Ar 13.4625 18.8475 16.155 40
Ar 16.155 0 0 40
Ar 16.155 2.6925 2.6925 40
Ar 18.8475 0 2.6925 40
Ar 18.8475 2.6925 0 40
Ar 16.155 0 5.385 40
Ar 16.155 2.6925 8.0775 40
Ar 18.8475 0 8.0775 40
Ar 18.8475 2.6925 5.385 40
Ar 16.155 0 10.77 40
Ar 16.155 2.6925 13.4625 40
Ar 18.8475 0 13.4625 40
Ar 18.8475 2.6925 10.77 40
Ar 16.155 0 16.155 40
Ar 16.155 2.6925 18.8475 40
Ar 18.8475 0 18.8475 40
Ar 18.8475 2.6925 16.155 40
Ar 16.155 5.385 0 40
Ar 16.155 8.0775 2.6925 40
Ar 18.8475 5.385 2.6925 40
Ar 18.8475 8.0775 0 40
Ar 16.155 5.385 5.385 40
Ar 16.155 8.0775 8.0775 40
Ar 18.8475 5.385 8.0775 40
Ar 18.8475 8.0775 5.385 40
Ar 16.155 5.385 10.77 40
Ar 16.155 8.0775 13.4625 40
Ar 18.8475 5.385 13.4625 40
Ar 18.8475 8.0775 10.77 40
Ar 16.155 5.385 16.155 40
Ar 16.155 8.0775 18.8475 40
Ar 18.8475 5.385 18.8475 40
Ar 18.8475 8.0775 16.155 40
Ar 16.155 10.77 0 40
Ar 16.155 13.4625 2.6925 40
Ar 18.8475 10.77 2.6925 40
Ar 18.8475 13.4625 0 40
Ar 16.155 10.77 5.385 40
Ar 16.155 13.4625 8.0775 40
Ar 18.8475 10.77 8.0775 40
Ar 18.8475 13.4625 5.385 40
Ar 16.155 10.77 10.77 40
Ar 16.155 13.4625 13.4625 40
Ar 18.8475 10.77 13.4625 40
Ar 18.8475 13.4625 10.77 40
Ar 16.155 10.77 16.155 40
Ar 16.155 13.4625 18.8475 40
Ar 18.8475 10.77 18.8475 40
Ar 18.8475 13.4625 16.155 40
Ar 16.155 16.155 0 40
Ar 16.155 18.8475 2.6925 40
Ar 18.8475 16.155 2.6925 40
Ar 18.8475 18.8475 0 40
Ar 16.155 16.155 5.385 40
Ar 16.155 18.8475 8.0775 40
Ar 18.8475 16.155 8.0775 40
Ar 18.8475 18.8475 5.385 40
Ar 16.155 16.155 10.77 40
Ar 16.155 18.8475 13.4625 40
Ar 18.8475 16.155 13.4625 40
Ar 18.8475 18.8475 10.77 40
Ar 16.155 16.155 16.155 40
Ar 16.155 18.8475 18.8475 40
Ar 18.8475 16.155 18.8475 40
Ar 18.8475 18.8475 16.155 40
