#distance(angstrom) intensity error 
# 295.1 K
# g_OO(r)s (tab separated columns) obtained from high energy x-ray scattering (See LB Skinner CJ Benmore JCP 2014).																											
"# a = levitated droplets (lowest quality), b = flowing water stream (best quality), c = water in thin walled SiO2 glass capillary (medium quality)"																											
"# data generated by Fourier transform with a consistent maximum Q = 18.1 and an r-dependent smoothing function to minize unphysical high frequency noise (see LB Skinner et al JCP,138,074506, 2013)"																											
"# error bars (err) are generated as described in  LB Skinner et al JCP,138,074506 (2013). Signal at r<2.3 Angstrom is deemed unphysical and has beeen smoothly attenuated to zero"	
0.00 0.000000 0.000000
0.01 0.000000 0.000000
0.02 0.000000 0.000000
0.03 0.000000 0.000000
0.04 0.000000 0.000000
0.05 0.000000 0.000000
0.06 0.000000 0.000000
0.07 0.000000 0.000000
0.08 0.000000 0.000000
0.09 0.000000 0.000000
0.10 0.000000 0.000000
0.11 0.000000 0.000000
0.12 0.000000 0.000000
0.13 0.000000 0.000000
0.14 0.000000 0.000000
0.15 0.000000 0.000000
0.16 0.000000 0.000000
0.17 0.000000 0.000000
0.18 0.000000 0.000000
0.19 0.000000 0.000000
0.20 0.000000 0.000000
0.21 0.000000 0.000000
0.22 0.000000 0.000000
0.23 0.000000 0.000000
0.24 0.000000 0.000000
0.25 0.000000 0.000000
0.26 0.000000 0.000000
0.27 0.000000 0.000000
0.28 0.000000 0.000000
0.29 0.000000 0.000000
0.30 0.000000 0.000000
0.31 0.000000 0.000000
0.32 0.000000 0.000000
0.33 0.000000 0.000000
0.34 0.000000 0.000000
0.35 0.000000 0.000000
0.36 0.000000 0.000000
0.37 0.000000 0.000000
0.38 0.000000 0.000000
0.39 0.000000 0.000000
0.40 0.000000 0.000000
0.41 0.000000 0.000000
0.42 0.000000 0.000000
0.43 0.000000 0.000000
0.44 0.000000 0.000000
0.45 0.000000 0.000000
0.46 0.000000 0.000000
0.47 0.000000 0.000000
0.48 0.000000 0.000000
0.49 0.000000 0.000000
0.50 0.000000 0.000000
0.51 0.000000 0.000000
0.52 0.000000 0.000000
0.53 0.000000 0.000000
0.54 0.000000 0.000000
0.55 0.000000 0.000000
0.56 0.000000 0.000000
0.57 0.000000 0.000000
0.58 0.000000 0.000000
0.59 0.000000 0.000000
0.60 0.000000 0.000000
0.61 0.000000 0.000000
0.62 0.000000 0.000000
0.63 0.000000 0.000000
0.64 0.000000 0.000000
0.65 0.000000 0.000000
0.66 0.000000 0.000000
0.67 0.000000 0.000000
0.68 0.000000 0.000000
0.69 0.000000 0.000000
0.70 0.000000 0.000000
0.71 0.000000 0.000000
0.72 0.000000 0.000000
0.73 0.000000 0.000000
0.74 0.000000 0.000000
0.75 0.000000 0.000000
0.76 0.000000 0.000000
0.77 0.000000 0.000000
0.78 0.000000 0.000000
0.79 0.000000 0.000000
0.80 0.000000 0.000000
0.81 0.000000 0.000000
0.82 0.000000 0.000000
0.83 0.000000 0.000000
0.84 0.000000 0.000000
0.85 0.000000 0.000000
0.86 0.000000 0.000000
0.87 0.000000 0.000000
0.88 0.000000 0.000000
0.89 0.000000 0.000000
0.90 0.000000 0.000000
0.91 0.000000 0.000000
0.92 0.000000 0.000000
0.93 0.000000 0.000000
0.94 0.000000 0.000000
0.95 0.000000 0.000000
0.96 0.000000 0.000000
0.97 0.000000 0.000000
0.98 0.000000 0.000000
0.99 0.000000 0.000000
1.00 0.000000 0.000000
1.01 0.000000 0.000000
1.02 0.000000 0.000000
1.03 0.000000 0.000000
1.04 0.000000 0.000000
1.05 0.000000 0.000000
1.06 0.000000 0.000000
1.07 0.000000 0.000000
1.08 0.000000 0.000000
1.09 0.000000 0.000000
1.10 0.000000 0.000000
1.11 0.000000 0.000000
1.12 0.000000 0.000000
1.13 0.000000 0.000000
1.14 0.000000 0.000000
1.15 0.000000 0.000000
1.16 0.000000 0.000000
1.17 0.000000 0.000000
1.18 0.000000 0.000000
1.19 0.000000 0.000000
1.20 0.000000 0.000000
1.21 0.000000 0.000000
1.22 0.000000 0.000000
1.23 0.000000 0.000000
1.24 0.000000 0.000000
1.25 0.000000 0.000000
1.26 0.000000 0.000000
1.27 0.000000 0.000000
1.28 0.000000 0.000000
1.29 0.000000 0.000000
1.30 0.000000 0.000000
1.31 0.000000 0.000000
1.32 0.000000 0.000000
1.33 0.000000 0.000000
1.34 0.000000 0.000000
1.35 0.000000 0.000000
1.36 0.000000 0.000000
1.37 0.000000 0.000000
1.38 0.000000 0.000000
1.39 0.000000 0.000000
1.40 0.000000 0.000000
1.41 0.000000 0.000000
1.42 0.000000 0.000000
1.43 0.000000 0.000000
1.44 0.000000 0.000000
1.45 0.000000 0.000000
1.46 0.000000 0.000000
1.47 0.000000 0.000000
1.48 0.000000 0.000000
1.49 0.000000 0.000000
1.50 0.000000 0.000000
1.51 0.000000 0.000000
1.52 0.000000 0.000000
1.53 0.000000 0.000000
1.54 0.000000 0.000000
1.55 0.000000 0.000000
1.56 0.000000 0.000000
1.57 0.000000 0.000000
1.58 0.000000 0.000000
1.59 0.000000 0.000000
1.60 0.000000 0.000000
1.61 0.000000 0.000000
1.62 0.000000 0.000000
1.63 0.000000 0.000000
1.64 0.000000 0.000000
1.65 0.000000 0.000000
1.66 0.000000 0.000000
1.67 0.000000 0.000000
1.68 0.000000 0.000000
1.69 0.000000 0.000000
1.70 0.000000 0.000000
1.71 0.000000 0.000000
1.72 0.000000 0.000000
1.73 0.000000 0.000000
1.74 0.000000 0.000000
1.75 0.000000 0.000000
1.76 0.000000 0.000000
1.77 0.000000 0.000000
1.78 0.000000 0.000000
1.79 0.000000 0.000000
1.80 0.000000 0.000000
1.81 0.000000 0.000000
1.82 0.000000 0.000000
1.83 0.000000 0.000000
1.84 0.000000 0.000000
1.85 0.000000 0.000000
1.86 0.000000 0.000000
1.87 0.000000 0.000000
1.88 0.000000 0.000000
1.89 0.000000 0.000000
1.90 0.000000 0.000000
1.91 0.000000 0.000000
1.92 0.000000 0.000000
1.93 0.000000 0.000000
1.94 0.000000 0.000000
1.95 0.000000 0.000000
1.96 0.000000 0.000000
1.97 0.000000 0.000000
1.98 0.000000 0.000000
1.99 0.000000 0.000000
2.00 0.000000 0.000000
2.01 0.000000 0.000000
2.02 0.000000 0.000000
2.03 0.000000 0.000000
2.04 0.000000 0.000000
2.05 0.000000 0.000000
2.06 0.000000 0.000000
2.07 0.000000 0.000000
2.08 0.000000 0.000000
2.09 0.000000 0.000000
2.10 0.000000 0.000000
2.11 0.000000 0.000000
2.12 0.000000 0.000000
2.13 0.000000 0.000000
2.14 0.000000 0.000000
2.15 0.000000 0.000000
2.16 0.000000 0.000000
2.17 0.000000 0.000000
2.18 0.000000 0.000000
2.19 0.000000 0.000000
2.20 0.000000 0.000000
2.21 0.000000 0.000000
2.22 0.000000 0.000000
2.23 0.000000 0.000000
2.24 0.000000 0.000000
2.25 0.000000 0.000000
2.26 0.000000 0.000000
2.27 0.000000 0.000000
2.28 0.000000 0.000000
2.29 0.000000 0.000000
2.30 0.000000 0.000000
2.31 0.000114 0.000181
2.32 0.000464 0.000721
2.33 0.001051 0.001604
2.34 0.001870 0.002807
2.35 0.002922 0.004297
2.36 0.004239 0.006038
2.37 0.005904 0.007989
2.38 0.008079 0.010108
2.39 0.011024 0.012353
2.40 0.015113 0.014681
2.41 0.020836 0.017051
2.42 0.028785 0.019420
2.43 0.039629 0.021740
2.44 0.054061 0.023961
2.45 0.072737 0.026025
2.46 0.096197 0.027872
2.47 0.124784 0.029438
2.48 0.158554 0.030663
2.49 0.197204 0.031493
2.50 0.240017 0.031888
2.51 0.287599 0.032018
2.52 0.341391 0.032073
2.53 0.401525 0.032053
2.54 0.468040 0.031962
2.55 0.540870 0.031812
2.56 0.619843 0.031618
2.57 0.704678 0.031400
2.58 0.794982 0.031176
2.59 0.890254 0.030965
2.60 0.989892 0.030781
2.61 1.093196 0.030633
2.62 1.199381 0.030522
2.63 1.307586 0.030440
2.64 1.416890 0.030373
2.65 1.526327 0.030300
2.66 1.634896 0.030197
2.67 1.741588 0.030038
2.68 1.845392 0.029799
2.69 1.945321 0.029457
2.70 2.040424 0.028999
2.71 2.129800 0.028416
2.72 2.212619 0.027709
2.73 2.288128 0.026885
2.74 2.355670 0.025964
2.75 2.414687 0.024973
2.76 2.464734 0.023947
2.77 2.505481 0.022928
2.78 2.536718 0.021962
2.79 2.558357 0.021097
2.80 2.570430 0.020374
2.81 2.573089 0.019826
2.82 2.566598 0.019469
2.83 2.551329 0.019299
2.84 2.527752 0.019297
2.85 2.496425 0.019425
2.86 2.457985 0.019641
2.87 2.413131 0.019898
2.88 2.362617 0.020156
2.89 2.307232 0.020381
2.90 2.247790 0.020549
2.91 2.185112 0.020648
2.92 2.120017 0.020676
2.93 2.053303 0.020638
2.94 1.985739 0.020550
2.95 1.918050 0.020431
2.96 1.850908 0.020305
2.97 1.784923 0.020195
2.98 1.720639 0.020122
2.99 1.658523 0.020100
3.00 1.598965 0.020136
3.01 1.542276 0.020229
3.02 1.488688 0.020369
3.03 1.438357 0.020539
3.04 1.391367 0.020720
3.05 1.347733 0.020888
3.06 1.307409 0.021025
3.07 1.270297 0.021112
3.08 1.236253 0.021137
3.09 1.205098 0.021094
3.10 1.176624 0.020979
3.11 1.150608 0.020800
3.12 1.126814 0.020563
3.13 1.105007 0.020284
3.14 1.084958 0.019977
3.15 1.066446 0.019660
3.16 1.049270 0.019347
3.17 1.033248 0.019054
3.18 1.018223 0.018789
3.19 1.004061 0.018558
3.20 0.990653 0.018361
3.21 0.977916 0.018194
3.22 0.965788 0.018050
3.23 0.954229 0.017919
3.24 0.943216 0.017790
3.25 0.932742 0.017654
3.26 0.922811 0.017501
3.27 0.913435 0.017328
3.28 0.904630 0.017130
3.29 0.896415 0.016909
3.30 0.888810 0.016667
3.31 0.881827 0.016408
3.32 0.875479 0.016139
3.33 0.869770 0.015867
3.34 0.864697 0.015600
3.35 0.860251 0.015342
3.36 0.856416 0.015100
3.37 0.853171 0.014875
3.38 0.850486 0.014669
3.39 0.848329 0.014481
3.40 0.846664 0.014309
3.41 0.845453 0.014148
3.42 0.844656 0.013996
3.43 0.844234 0.013846
3.44 0.844148 0.013697
3.45 0.844362 0.013543
3.46 0.844843 0.013383
3.47 0.845561 0.013216
3.48 0.846488 0.013042
3.49 0.847603 0.012861
3.50 0.848886 0.012677
3.51 0.850323 0.012490
3.52 0.851900 0.012305
3.53 0.853609 0.012124
3.54 0.855444 0.011951
3.55 0.857401 0.011788
3.56 0.859475 0.011636
3.57 0.861665 0.011498
3.58 0.863970 0.011374
3.59 0.866388 0.011263
3.60 0.868917 0.011165
3.61 0.871554 0.011079
3.62 0.874297 0.011002
3.63 0.877141 0.010932
3.64 0.880082 0.010868
3.65 0.883112 0.010807
3.66 0.886226 0.010748
3.67 0.889416 0.010690
3.68 0.892673 0.010631
3.69 0.895991 0.010572
3.70 0.899359 0.010512
3.71 0.902771 0.010452
3.72 0.906217 0.010392
3.73 0.909692 0.010334
3.74 0.913188 0.010279
3.75 0.916699 0.010228
3.76 0.920222 0.010181
3.77 0.923751 0.010140
3.78 0.927286 0.010105
3.79 0.930823 0.010075
3.80 0.934361 0.010051
3.81 0.937902 0.010031
3.82 0.941445 0.010015
3.83 0.944992 0.010001
3.84 0.948543 0.009987
3.85 0.952102 0.009972
3.86 0.955668 0.009955
3.87 0.959244 0.009935
3.88 0.962831 0.009909
3.89 0.966430 0.009878
3.90 0.970040 0.009841
3.91 0.973661 0.009799
3.92 0.977293 0.009750
3.93 0.980932 0.009697
3.94 0.984576 0.009639
3.95 0.988222 0.009578
3.96 0.991865 0.009514
3.97 0.995503 0.009450
3.98 0.999128 0.009385
3.99 1.002737 0.009320
4.00 1.006324 0.009255
4.01 1.009883 0.009192
4.02 1.013409 0.009129
4.03 1.016898 0.009067
4.04 1.020344 0.009005
4.05 1.023742 0.008942
4.06 1.027091 0.008879
4.07 1.030385 0.008814
4.08 1.033623 0.008748
4.09 1.036803 0.008681
4.10 1.039923 0.008613
4.11 1.042984 0.008544
4.12 1.045984 0.008475
4.13 1.048926 0.008407
4.14 1.051809 0.008342
4.15 1.054635 0.008278
4.16 1.057406 0.008218
4.17 1.060123 0.008162
4.18 1.062788 0.008109
4.19 1.065402 0.008060
4.20 1.067967 0.008014
4.21 1.070484 0.007970
4.22 1.072953 0.007928
4.23 1.075375 0.007885
4.24 1.077749 0.007842
4.25 1.080073 0.007796
4.26 1.082347 0.007748
4.27 1.084569 0.007698
4.28 1.086734 0.007644
4.29 1.088841 0.007589
4.30 1.090886 0.007532
4.31 1.092864 0.007475
4.32 1.094771 0.007420
4.33 1.096603 0.007367
4.34 1.098355 0.007319
4.35 1.100022 0.007277
4.36 1.101600 0.007241
4.37 1.103085 0.007212
4.38 1.104473 0.007190
4.39 1.105760 0.007174
4.40 1.106943 0.007163
4.41 1.108019 0.007155
4.42 1.108987 0.007148
4.43 1.109846 0.007142
4.44 1.110593 0.007133
4.45 1.111230 0.007121
4.46 1.111756 0.007104
4.47 1.112172 0.007083
4.48 1.112479 0.007056
4.49 1.112680 0.007025
4.50 1.112775 0.006990
4.51 1.112768 0.006952
4.52 1.112660 0.006913
4.53 1.112455 0.006875
4.54 1.112153 0.006839
4.55 1.111758 0.006806
4.56 1.111272 0.006778
4.57 1.110696 0.006754
4.58 1.110032 0.006735
4.59 1.109281 0.006720
4.60 1.108444 0.006708
4.61 1.107522 0.006698
4.62 1.106515 0.006689
4.63 1.105422 0.006679
4.64 1.104243 0.006668
4.65 1.102979 0.006653
4.66 1.101627 0.006635
4.67 1.100187 0.006613
4.68 1.098658 0.006587
4.69 1.097039 0.006557
4.70 1.095329 0.006524
4.71 1.093529 0.006490
4.72 1.091636 0.006455
4.73 1.089653 0.006420
4.74 1.087579 0.006386
4.75 1.085414 0.006355
4.76 1.083162 0.006325
4.77 1.080822 0.006298
4.78 1.078399 0.006273
4.79 1.075894 0.006249
4.80 1.073312 0.006226
4.81 1.070655 0.006203
4.82 1.067929 0.006179
4.83 1.065138 0.006153
4.84 1.062287 0.006124
4.85 1.059380 0.006093
4.86 1.056424 0.006058
4.87 1.053423 0.006021
4.88 1.050383 0.005981
4.89 1.047309 0.005940
4.90 1.044206 0.005899
4.91 1.041077 0.005858
4.92 1.037928 0.005819
4.93 1.034763 0.005783
4.94 1.031585 0.005750
4.95 1.028397 0.005722
4.96 1.025201 0.005698
4.97 1.022001 0.005679
4.98 1.018797 0.005664
4.99 1.015592 0.005653
5.00 1.012386 0.005644
5.01 1.009180 0.005636
5.02 1.005974 0.005629
5.03 1.002769 0.005621
5.04 0.999566 0.005612
5.05 0.996363 0.005600
5.06 0.993162 0.005585
5.07 0.989963 0.005567
5.08 0.986766 0.005545
5.09 0.983572 0.005521
5.10 0.980382 0.005494
5.11 0.977197 0.005465
5.12 0.974018 0.005434
5.13 0.970849 0.005404
5.14 0.967690 0.005373
5.15 0.964546 0.005344
5.16 0.961418 0.005317
5.17 0.958310 0.005291
5.18 0.955225 0.005269
5.19 0.952169 0.005248
5.20 0.949143 0.005231
5.21 0.946154 0.005215
5.22 0.943204 0.005200
5.23 0.940298 0.005186
5.24 0.937440 0.005172
5.25 0.934634 0.005157
5.26 0.931884 0.005141
5.27 0.929193 0.005123
5.28 0.926565 0.005102
5.29 0.924003 0.005078
5.30 0.921509 0.005051
5.31 0.919086 0.005022
5.32 0.916736 0.004990
5.33 0.914461 0.004957
5.34 0.912262 0.004923
5.35 0.910141 0.004889
5.36 0.908098 0.004855
5.37 0.906135 0.004823
5.38 0.904251 0.004794
5.39 0.902448 0.004767
5.40 0.900726 0.004744
5.41 0.899085 0.004725
5.42 0.897525 0.004710
5.43 0.896048 0.004698
5.44 0.894652 0.004688
5.45 0.893341 0.004682
5.46 0.892112 0.004676
5.47 0.890969 0.004672
5.48 0.889911 0.004667
5.49 0.888940 0.004662
5.50 0.888056 0.004656
5.51 0.887262 0.004648
5.52 0.886558 0.004639
5.53 0.885946 0.004628
5.54 0.885426 0.004617
5.55 0.885000 0.004604
5.56 0.884669 0.004591
5.57 0.884434 0.004578
5.58 0.884295 0.004565
5.59 0.884253 0.004553
5.60 0.884308 0.004541
5.61 0.884459 0.004530
5.62 0.884706 0.004520
5.63 0.885047 0.004510
5.64 0.885483 0.004499
5.65 0.886010 0.004489
5.66 0.886628 0.004478
5.67 0.887333 0.004466
5.68 0.888123 0.004453
5.69 0.888996 0.004438
5.70 0.889948 0.004423
5.71 0.890977 0.004406
5.72 0.892079 0.004389
5.73 0.893251 0.004372
5.74 0.894489 0.004355
5.75 0.895792 0.004338
5.76 0.897156 0.004322
5.77 0.898578 0.004308
5.78 0.900055 0.004294
5.79 0.901586 0.004281
5.80 0.903169 0.004269
5.81 0.904802 0.004257
5.82 0.906482 0.004245
5.83 0.908211 0.004231
5.84 0.909985 0.004217
5.85 0.911805 0.004200
5.86 0.913671 0.004181
5.87 0.915581 0.004160
5.88 0.917536 0.004137
5.89 0.919536 0.004112
5.90 0.921580 0.004086
5.91 0.923668 0.004059
5.92 0.925799 0.004033
5.93 0.927974 0.004007
5.94 0.930191 0.003982
5.95 0.932449 0.003960
5.96 0.934747 0.003941
5.97 0.937083 0.003923
5.98 0.939455 0.003909
5.99 0.941860 0.003896
6.00 0.944296 0.003886
6.01 0.946760 0.003876
6.02 0.949248 0.003866
6.03 0.951756 0.003855
6.04 0.954282 0.003844
6.05 0.956820 0.003830
6.06 0.959366 0.003815
6.07 0.961917 0.003797
6.08 0.964467 0.003778
6.09 0.967014 0.003757
6.10 0.969552 0.003735
6.11 0.972079 0.003714
6.12 0.974590 0.003693
6.13 0.977083 0.003674
6.14 0.979554 0.003657
6.15 0.982001 0.003643
6.16 0.984422 0.003631
6.17 0.986815 0.003622
6.18 0.989179 0.003616
6.19 0.991512 0.003612
6.20 0.993815 0.003610
6.21 0.996086 0.003607
6.22 0.998326 0.003605
6.23 1.000535 0.003602
6.24 1.002713 0.003597
6.25 1.004861 0.003591
6.26 1.006979 0.003583
6.27 1.009068 0.003573
6.28 1.011127 0.003561
6.29 1.013159 0.003549
6.30 1.015161 0.003536
6.31 1.017135 0.003523
6.32 1.019081 0.003511
6.33 1.020997 0.003500
6.34 1.022882 0.003491
6.35 1.024736 0.003484
6.36 1.026557 0.003480
6.37 1.028344 0.003477
6.38 1.030095 0.003475
6.39 1.031807 0.003475
6.40 1.033478 0.003475
6.41 1.035107 0.003475
6.42 1.036690 0.003474
6.43 1.038227 0.003472
6.44 1.039713 0.003467
6.45 1.041148 0.003461
6.46 1.042529 0.003454
6.47 1.043856 0.003444
6.48 1.045126 0.003432
6.49 1.046339 0.003419
6.50 1.047494 0.003406
6.51 1.048591 0.003392
6.52 1.049631 0.003378
6.53 1.050613 0.003365
6.54 1.051539 0.003353
6.55 1.052410 0.003341
6.56 1.053227 0.003331
6.57 1.053993 0.003321
6.58 1.054710 0.003312
6.59 1.055378 0.003304
6.60 1.056002 0.003295
6.61 1.056582 0.003286
6.62 1.057122 0.003277
6.63 1.057623 0.003266
6.64 1.058088 0.003254
6.65 1.058517 0.003241
6.66 1.058913 0.003226
6.67 1.059276 0.003210
6.68 1.059607 0.003192
6.69 1.059908 0.003174
6.70 1.060177 0.003155
6.71 1.060415 0.003135
6.72 1.060621 0.003116
6.73 1.060795 0.003096
6.74 1.060935 0.003077
6.75 1.061039 0.003059
6.76 1.061107 0.003042
6.77 1.061137 0.003025
6.78 1.061127 0.003009
6.79 1.061076 0.002995
6.80 1.060982 0.002981
6.81 1.060844 0.002967
6.82 1.060660 0.002954
6.83 1.060430 0.002942
6.84 1.060154 0.002930
6.85 1.059830 0.002918
6.86 1.059460 0.002907
6.87 1.059043 0.002895
6.88 1.058581 0.002884
6.89 1.058074 0.002873
6.90 1.057525 0.002863
6.91 1.056934 0.002853
6.92 1.056306 0.002843
6.93 1.055641 0.002834
6.94 1.054943 0.002827
6.95 1.054214 0.002820
6.96 1.053457 0.002814
6.97 1.052675 0.002810
6.98 1.051870 0.002807
6.99 1.051045 0.002805
7.00 1.050202 0.002805
7.01 1.049344 0.002805
7.02 1.048472 0.002807
7.03 1.047588 0.002809
7.04 1.046693 0.002811
7.05 1.045788 0.002813
7.06 1.044872 0.002815
7.07 1.043948 0.002817
7.08 1.043013 0.002817
7.09 1.042068 0.002817
7.10 1.041111 0.002815
7.11 1.040143 0.002812
7.12 1.039162 0.002807
7.13 1.038166 0.002802
7.14 1.037155 0.002795
7.15 1.036128 0.002788
7.16 1.035083 0.002780
7.17 1.034020 0.002772
7.18 1.032937 0.002764
7.19 1.031836 0.002757
7.20 1.030715 0.002750
7.21 1.029576 0.002743
7.22 1.028418 0.002737
7.23 1.027243 0.002732
7.24 1.026053 0.002727
7.25 1.024849 0.002723
7.26 1.023633 0.002718
7.27 1.022409 0.002714
7.28 1.021178 0.002709
7.29 1.019944 0.002703
7.30 1.018710 0.002697
7.31 1.017480 0.002690
7.32 1.016255 0.002682
7.33 1.015040 0.002672
7.34 1.013838 0.002662
7.35 1.012651 0.002651
7.36 1.011483 0.002640
7.37 1.010335 0.002627
7.38 1.009210 0.002615
7.39 1.008109 0.002602
7.40 1.007034 0.002589
7.41 1.005985 0.002576
7.42 1.004964 0.002563
7.43 1.003970 0.002550
7.44 1.003003 0.002537
7.45 1.002062 0.002524
7.46 1.001146 0.002510
7.47 1.000255 0.002496
7.48 0.999386 0.002482
7.49 0.998539 0.002467
7.50 0.997712 0.002452
7.51 0.996902 0.002437
7.52 0.996109 0.002422
7.53 0.995331 0.002407
7.54 0.994567 0.002393
7.55 0.993815 0.002379
7.56 0.993075 0.002367
7.57 0.992345 0.002356
7.58 0.991626 0.002346
7.59 0.990917 0.002337
7.60 0.990219 0.002330
7.61 0.989532 0.002324
7.62 0.988857 0.002319
7.63 0.988195 0.002315
7.64 0.987547 0.002311
7.65 0.986916 0.002308
7.66 0.986302 0.002304
7.67 0.985707 0.002299
7.68 0.985133 0.002295
7.69 0.984582 0.002289
7.70 0.984055 0.002284
7.71 0.983553 0.002278
7.72 0.983079 0.002271
7.73 0.982633 0.002265
7.74 0.982216 0.002260
7.75 0.981828 0.002256
7.76 0.981470 0.002253
7.77 0.981141 0.002251
7.78 0.980842 0.002251
7.79 0.980571 0.002253
7.80 0.980327 0.002256
7.81 0.980110 0.002261
7.82 0.979918 0.002267
7.83 0.979750 0.002273
7.84 0.979603 0.002280
7.85 0.979476 0.002286
7.86 0.979367 0.002292
7.87 0.979274 0.002296
7.88 0.979196 0.002299
7.89 0.979131 0.002300
7.90 0.979078 0.002299
7.91 0.979035 0.002296
7.92 0.979001 0.002291
7.93 0.978977 0.002285
7.94 0.978960 0.002277
7.95 0.978951 0.002269
7.96 0.978951 0.002259
7.97 0.978958 0.002250
7.98 0.978975 0.002240
7.99 0.979002 0.002231
8.00 0.979039 0.002222
8.01 0.979087 0.002214
8.02 0.979148 0.002206
8.03 0.979224 0.002198
8.04 0.979314 0.002190
8.05 0.979420 0.002183
8.06 0.979544 0.002175
8.07 0.979685 0.002167
8.08 0.979845 0.002158
8.09 0.980024 0.002149
8.10 0.980223 0.002139
8.11 0.980440 0.002128
8.12 0.980676 0.002117
8.13 0.980931 0.002106
8.14 0.981203 0.002094
8.15 0.981491 0.002082
8.16 0.981794 0.002070
8.17 0.982111 0.002059
8.18 0.982440 0.002048
8.19 0.982779 0.002037
8.20 0.983127 0.002026
8.21 0.983481 0.002016
8.22 0.983840 0.002007
8.23 0.984203 0.001997
8.24 0.984566 0.001987
8.25 0.984930 0.001978
8.26 0.985293 0.001968
8.27 0.985653 0.001959
8.28 0.986010 0.001949
8.29 0.986364 0.001939
8.30 0.986713 0.001930
8.31 0.987058 0.001921
8.32 0.987399 0.001913
8.33 0.987736 0.001906
8.34 0.988070 0.001901
8.35 0.988402 0.001896
8.36 0.988732 0.001893
8.37 0.989061 0.001891
8.38 0.989390 0.001891
8.39 0.989721 0.001892
8.40 0.990053 0.001893
8.41 0.990389 0.001895
8.42 0.990729 0.001898
8.43 0.991072 0.001900
8.44 0.991421 0.001902
8.45 0.991775 0.001903
8.46 0.992134 0.001904
8.47 0.992497 0.001904
8.48 0.992866 0.001902
8.49 0.993238 0.001900
8.50 0.993613 0.001898
8.51 0.993990 0.001895
8.52 0.994368 0.001891
8.53 0.994746 0.001888
8.54 0.995122 0.001884
8.55 0.995495 0.001881
8.56 0.995862 0.001878
8.57 0.996224 0.001876
8.58 0.996579 0.001874
8.59 0.996924 0.001873
8.60 0.997260 0.001871
8.61 0.997584 0.001870
8.62 0.997897 0.001868
8.63 0.998198 0.001866
8.64 0.998485 0.001863
8.65 0.998760 0.001859
8.66 0.999023 0.001855
8.67 0.999273 0.001850
8.68 0.999510 0.001845
8.69 0.999737 0.001839
8.70 0.999952 0.001832
8.71 1.000158 0.001826
8.72 1.000356 0.001819
8.73 1.000545 0.001813
8.74 1.000728 0.001807
8.75 1.000906 0.001801
8.76 1.001078 0.001795
8.77 1.001247 0.001790
8.78 1.001413 0.001785
8.79 1.001576 0.001780
8.80 1.001736 0.001775
8.81 1.001895 0.001769
8.82 1.002052 0.001763
8.83 1.002206 0.001757
8.84 1.002357 0.001749
8.85 1.002506 0.001741
8.86 1.002650 0.001732
8.87 1.002789 0.001723
8.88 1.002922 0.001714
8.89 1.003048 0.001704
8.90 1.003166 0.001694
8.91 1.003275 0.001685
8.92 1.003373 0.001676
8.93 1.003459 0.001668
8.94 1.003533 0.001661
8.95 1.003594 0.001655
8.96 1.003641 0.001649
8.97 1.003674 0.001645
8.98 1.003692 0.001641
8.99 1.003696 0.001637
9.00 1.003685 0.001634
9.01 1.003660 0.001631
9.02 1.003623 0.001628
9.03 1.003572 0.001625
9.04 1.003511 0.001621
9.05 1.003439 0.001618
9.06 1.003359 0.001614
9.07 1.003271 0.001609
9.08 1.003178 0.001605
9.09 1.003080 0.001601
9.10 1.002979 0.001596
9.11 1.002877 0.001592
9.12 1.002776 0.001588
9.13 1.002675 0.001585
9.14 1.002577 0.001581
9.15 1.002482 0.001578
9.16 1.002391 0.001576
9.17 1.002305 0.001573
9.18 1.002224 0.001571
9.19 1.002147 0.001568
9.20 1.002075 0.001566
9.21 1.002008 0.001563
9.22 1.001945 0.001560
9.23 1.001885 0.001556
9.24 1.001827 0.001552
9.25 1.001771 0.001548
9.26 1.001716 0.001544
9.27 1.001660 0.001539
9.28 1.001602 0.001535
9.29 1.001542 0.001531
9.30 1.001478 0.001527
9.31 1.001410 0.001523
9.32 1.001336 0.001520
9.33 1.001257 0.001517
9.34 1.001171 0.001515
9.35 1.001080 0.001513
9.36 1.000981 0.001512
9.37 1.000876 0.001511
9.38 1.000766 0.001511
9.39 1.000649 0.001510
9.40 1.000528 0.001510
9.41 1.000403 0.001510
9.42 1.000275 0.001509
9.43 1.000145 0.001509
9.44 1.000014 0.001508
9.45 0.999883 0.001506
9.46 0.999754 0.001505
9.47 0.999628 0.001503
9.48 0.999505 0.001501
9.49 0.999387 0.001498
9.50 0.999276 0.001495
9.51 0.999171 0.001491
9.52 0.999073 0.001487
9.53 0.998984 0.001483
9.54 0.998903 0.001478
9.55 0.998831 0.001473
9.56 0.998768 0.001467
9.57 0.998713 0.001460
9.58 0.998666 0.001454
9.59 0.998628 0.001446
9.60 0.998597 0.001439
9.61 0.998573 0.001431
9.62 0.998554 0.001422
9.63 0.998542 0.001414
9.64 0.998533 0.001405
9.65 0.998528 0.001397
9.66 0.998526 0.001389
9.67 0.998525 0.001380
9.68 0.998526 0.001372
9.69 0.998527 0.001365
9.70 0.998528 0.001358
9.71 0.998528 0.001351
9.72 0.998527 0.001345
9.73 0.998524 0.001339
9.74 0.998520 0.001333
9.75 0.998515 0.001328
9.76 0.998508 0.001324
9.77 0.998499 0.001320
9.78 0.998490 0.001316
9.79 0.998480 0.001312
9.80 0.998470 0.001309
9.81 0.998460 0.001307
9.82 0.998451 0.001304
9.83 0.998444 0.001302
9.84 0.998439 0.001300
9.85 0.998437 0.001298
9.86 0.998438 0.001297
9.87 0.998443 0.001296
9.88 0.998452 0.001295
9.89 0.998466 0.001294
9.90 0.998486 0.001293
9.91 0.998511 0.001292
9.92 0.998542 0.001292
9.93 0.998579 0.001291
9.94 0.998623 0.001290
9.95 0.998672 0.001289
9.96 0.998727 0.001288
9.97 0.998788 0.001287
9.98 0.998855 0.001285
9.99 0.998927 0.001283
10.00 0.999005 0.001281
10.01 0.999087 0.001278
10.02 0.999173 0.001276
10.03 0.999264 0.001273
10.04 0.999358 0.001270
10.05 0.999455 0.001267
10.06 0.999555 0.001264
10.07 0.999657 0.001261
10.08 0.999761 0.001258
10.09 0.999866 0.001256
10.10 0.999972 0.001253
10.11 1.000080 0.001250
10.12 1.000187 0.001248
10.13 1.000295 0.001245
10.14 1.000402 0.001243
10.15 1.000509 0.001241
10.16 1.000615 0.001238
10.17 1.000721 0.001236
10.18 1.000824 0.001233
10.19 1.000927 0.001230
10.20 1.001028 0.001227
10.21 1.001127 0.001224
10.22 1.001225 0.001221
10.23 1.001320 0.001217
10.24 1.001413 0.001214
10.25 1.001504 0.001210
10.26 1.001593 0.001205
10.27 1.001679 0.001201
10.28 1.001764 0.001196
10.29 1.001846 0.001192
10.30 1.001925 0.001187
10.31 1.002002 0.001182
10.32 1.002077 0.001177
10.33 1.002150 0.001172
10.34 1.002221 0.001166
10.35 1.002291 0.001161
10.36 1.002358 0.001155
10.37 1.002424 0.001150
10.38 1.002488 0.001144
10.39 1.002551 0.001138
10.40 1.002614 0.001132
10.41 1.002675 0.001126
10.42 1.002736 0.001120
10.43 1.002796 0.001114
10.44 1.002856 0.001108
10.45 1.002916 0.001102
10.46 1.002976 0.001096
10.47 1.003035 0.001090
10.48 1.003095 0.001085
10.49 1.003156 0.001079
10.50 1.003216 0.001075
10.51 1.003277 0.001070
10.52 1.003337 0.001066
10.53 1.003398 0.001062
10.54 1.003458 0.001059
10.55 1.003518 0.001056
10.56 1.003578 0.001053
10.57 1.003636 0.001051
10.58 1.003693 0.001049
10.59 1.003749 0.001048
10.60 1.003803 0.001047
10.61 1.003855 0.001046
10.62 1.003905 0.001045
10.63 1.003952 0.001045
10.64 1.003995 0.001045
10.65 1.004035 0.001046
10.66 1.004071 0.001046
10.67 1.004103 0.001047
10.68 1.004131 0.001047
10.69 1.004154 0.001048
10.70 1.004172 0.001049
10.71 1.004185 0.001049
10.72 1.004193 0.001050
10.73 1.004196 0.001050
10.74 1.004193 0.001051
10.75 1.004185 0.001051
10.76 1.004172 0.001051
10.77 1.004153 0.001050
10.78 1.004129 0.001049
10.79 1.004100 0.001048
10.80 1.004067 0.001046
10.81 1.004029 0.001044
10.82 1.003986 0.001042
10.83 1.003940 0.001039
10.84 1.003890 0.001036
10.85 1.003836 0.001033
10.86 1.003780 0.001029
10.87 1.003720 0.001025
10.88 1.003658 0.001021
10.89 1.003595 0.001016
10.90 1.003529 0.001011
10.91 1.003462 0.001006
10.92 1.003395 0.001001
10.93 1.003326 0.000995
10.94 1.003258 0.000989
10.95 1.003189 0.000983
10.96 1.003120 0.000977
10.97 1.003052 0.000970
10.98 1.002985 0.000963
10.99 1.002918 0.000956
11.00 1.002851 0.000950
11.01 1.002786 0.000943
11.02 1.002721 0.000936
11.03 1.002658 0.000929
11.04 1.002594 0.000922
11.05 1.002532 0.000915
11.06 1.002470 0.000909
11.07 1.002408 0.000903
11.08 1.002346 0.000897
11.09 1.002285 0.000892
11.10 1.002222 0.000887
11.11 1.002159 0.000882
11.12 1.002095 0.000878
11.13 1.002030 0.000874
11.14 1.001963 0.000871
11.15 1.001895 0.000868
11.16 1.001825 0.000866
11.17 1.001752 0.000864
11.18 1.001677 0.000863
11.19 1.001599 0.000862
11.20 1.001519 0.000861
11.21 1.001436 0.000861
11.22 1.001350 0.000860
11.23 1.001262 0.000860
11.24 1.001171 0.000861
11.25 1.001077 0.000861
11.26 1.000981 0.000862
11.27 1.000882 0.000862
11.28 1.000782 0.000863
11.29 1.000679 0.000863
11.30 1.000575 0.000864
11.31 1.000469 0.000865
11.32 1.000362 0.000865
11.33 1.000254 0.000865
11.34 1.000146 0.000865
11.35 1.000037 0.000865
11.36 0.999929 0.000865
11.37 0.999820 0.000864
11.38 0.999712 0.000864
11.39 0.999605 0.000862
11.40 0.999498 0.000861
11.41 0.999393 0.000859
11.42 0.999289 0.000857
11.43 0.999186 0.000855
11.44 0.999086 0.000853
11.45 0.998986 0.000850
11.46 0.998889 0.000847
11.47 0.998794 0.000843
11.48 0.998701 0.000840
11.49 0.998611 0.000836
11.50 0.998523 0.000832
11.51 0.998437 0.000827
11.52 0.998355 0.000823
11.53 0.998275 0.000818
11.54 0.998198 0.000813
11.55 0.998125 0.000808
11.56 0.998055 0.000803
11.57 0.997988 0.000798
11.58 0.997925 0.000793
11.59 0.997866 0.000788
11.60 0.997811 0.000782
11.61 0.997759 0.000777
11.62 0.997711 0.000772
11.63 0.997667 0.000767
11.64 0.997627 0.000762
11.65 0.997591 0.000757
11.66 0.997558 0.000752
11.67 0.997528 0.000747
11.68 0.997502 0.000742
11.69 0.997478 0.000738
11.70 0.997457 0.000733
11.71 0.997438 0.000729
11.72 0.997421 0.000724
11.73 0.997405 0.000720
11.74 0.997391 0.000716
11.75 0.997377 0.000712
11.76 0.997364 0.000709
11.77 0.997350 0.000706
11.78 0.997336 0.000703
11.79 0.997321 0.000701
11.80 0.997306 0.000699
11.81 0.997289 0.000697
11.82 0.997272 0.000695
11.83 0.997253 0.000694
11.84 0.997233 0.000693
11.85 0.997212 0.000692
11.86 0.997190 0.000691
11.87 0.997168 0.000690
11.88 0.997145 0.000690
11.89 0.997123 0.000689
11.90 0.997101 0.000688
11.91 0.997080 0.000688
11.92 0.997061 0.000687
11.93 0.997044 0.000686
11.94 0.997030 0.000685
11.95 0.997018 0.000684
11.96 0.997010 0.000684
11.97 0.997005 0.000683
11.98 0.997005 0.000682
11.99 0.997009 0.000681
12.00 0.997018 0.000680
12.01 0.997031 0.000679
12.02 0.997049 0.000677
12.03 0.997071 0.000676
12.04 0.997098 0.000674
12.05 0.997129 0.000673
12.06 0.997163 0.000671
12.07 0.997201 0.000668
12.08 0.997241 0.000666
12.09 0.997284 0.000663
12.10 0.997329 0.000660
12.11 0.997375 0.000657
12.12 0.997422 0.000654
12.13 0.997469 0.000651
12.14 0.997516 0.000647
12.15 0.997563 0.000644
12.16 0.997608 0.000641
12.17 0.997653 0.000638
12.18 0.997696 0.000635
12.19 0.997737 0.000632
12.20 0.997777 0.000629
12.21 0.997816 0.000626
12.22 0.997854 0.000623
12.23 0.997890 0.000620
12.24 0.997926 0.000618
12.25 0.997961 0.000615
12.26 0.997996 0.000612
12.27 0.998032 0.000609
12.28 0.998068 0.000606
12.29 0.998106 0.000602
12.30 0.998145 0.000599
12.31 0.998186 0.000595
12.32 0.998229 0.000592
12.33 0.998275 0.000588
12.34 0.998324 0.000585
12.35 0.998375 0.000582
12.36 0.998429 0.000578
12.37 0.998486 0.000575
12.38 0.998546 0.000572
12.39 0.998608 0.000570
12.40 0.998672 0.000567
12.41 0.998737 0.000565
12.42 0.998804 0.000562
12.43 0.998872 0.000560
12.44 0.998941 0.000558
12.45 0.999009 0.000555
12.46 0.999077 0.000553
12.47 0.999143 0.000550
12.48 0.999209 0.000547
12.49 0.999272 0.000545
12.50 0.999333 0.000542
12.51 0.999392 0.000539
12.52 0.999447 0.000537
12.53 0.999500 0.000534
12.54 0.999550 0.000532
12.55 0.999598 0.000530
12.56 0.999642 0.000528
12.57 0.999684 0.000526
12.58 0.999723 0.000524
12.59 0.999760 0.000523
12.60 0.999795 0.000522
12.61 0.999828 0.000521
12.62 0.999860 0.000520
12.63 0.999892 0.000519
12.64 0.999922 0.000518
12.65 0.999953 0.000517
12.66 0.999984 0.000515
12.67 1.000015 0.000514
12.68 1.000047 0.000513
12.69 1.000079 0.000511
12.70 1.000113 0.000509
12.71 1.000147 0.000508
12.72 1.000183 0.000506
12.73 1.000219 0.000504
12.74 1.000257 0.000503
12.75 1.000295 0.000501
12.76 1.000334 0.000499
12.77 1.000373 0.000498
12.78 1.000413 0.000497
12.79 1.000452 0.000495
12.80 1.000492 0.000494
12.81 1.000531 0.000493
12.82 1.000570 0.000492
12.83 1.000607 0.000490
12.84 1.000644 0.000489
12.85 1.000680 0.000487
12.86 1.000714 0.000486
12.87 1.000748 0.000484
12.88 1.000780 0.000481
12.89 1.000811 0.000479
12.90 1.000841 0.000477
12.91 1.000870 0.000474
12.92 1.000897 0.000471
12.93 1.000924 0.000469
12.94 1.000949 0.000466
12.95 1.000974 0.000463
12.96 1.000998 0.000461
12.97 1.001021 0.000459
12.98 1.001044 0.000457
12.99 1.001066 0.000455
13.00 1.001087 0.000453
13.01 1.001107 0.000451
13.02 1.001127 0.000450
13.03 1.001146 0.000448
13.04 1.001164 0.000446
13.05 1.001180 0.000445
13.06 1.001196 0.000443
13.07 1.001209 0.000440
13.08 1.001222 0.000438
13.09 1.001232 0.000435
13.10 1.001241 0.000433
13.11 1.001247 0.000429
13.12 1.001252 0.000426
13.13 1.001254 0.000423
13.14 1.001254 0.000420
13.15 1.001252 0.000416
13.16 1.001248 0.000413
13.17 1.001241 0.000411
13.18 1.001233 0.000408
13.19 1.001224 0.000406
13.20 1.001212 0.000405
13.21 1.001200 0.000403
13.22 1.001187 0.000402
13.23 1.001173 0.000401
13.24 1.001159 0.000400
13.25 1.001145 0.000399
13.26 1.001132 0.000398
13.27 1.001119 0.000396
13.28 1.001107 0.000394
13.29 1.001096 0.000392
13.30 1.001087 0.000389
13.31 1.001079 0.000386
13.32 1.001072 0.000383
13.33 1.001068 0.000380
13.34 1.001064 0.000376
13.35 1.001062 0.000373
13.36 1.001061 0.000371
13.37 1.001061 0.000368
13.38 1.001062 0.000366
13.39 1.001063 0.000365
13.40 1.001065 0.000364
13.41 1.001066 0.000364
13.42 1.001066 0.000364
13.43 1.001066 0.000364
13.44 1.001064 0.000364
13.45 1.001060 0.000364
13.46 1.001055 0.000363
13.47 1.001048 0.000363
13.48 1.001038 0.000362
13.49 1.001026 0.000360
13.50 1.001011 0.000358
13.51 1.000994 0.000356
13.52 1.000974 0.000354
13.53 1.000952 0.000351
13.54 1.000928 0.000349
13.55 1.000902 0.000346
13.56 1.000874 0.000344
13.57 1.000846 0.000342
13.58 1.000816 0.000340
13.59 1.000786 0.000339
13.60 1.000756 0.000339
13.61 1.000726 0.000338
13.62 1.000697 0.000338
13.63 1.000669 0.000337
13.64 1.000642 0.000337
13.65 1.000618 0.000336
13.66 1.000595 0.000335
13.67 1.000574 0.000334
13.68 1.000556 0.000332
13.69 1.000540 0.000330
13.70 1.000526 0.000328
13.71 1.000515 0.000325
13.72 1.000505 0.000322
13.73 1.000498 0.000318
13.74 1.000493 0.000315
13.75 1.000488 0.000312
13.76 1.000485 0.000310
13.77 1.000483 0.000307
13.78 1.000481 0.000305
13.79 1.000479 0.000304
13.80 1.000477 0.000302
13.81 1.000474 0.000301
13.82 1.000471 0.000300
13.83 1.000465 0.000299
13.84 1.000459 0.000297
13.85 1.000450 0.000296
13.86 1.000440 0.000294
13.87 1.000428 0.000292
13.88 1.000414 0.000290
13.89 1.000398 0.000287
13.90 1.000380 0.000284
13.91 1.000360 0.000281
13.92 1.000338 0.000277
13.93 1.000316 0.000274
13.94 1.000292 0.000271
13.95 1.000268 0.000269
13.96 1.000243 0.000267
13.97 1.000217 0.000265
13.98 1.000192 0.000263
13.99 1.000168 0.000262
14.00 1.000144 0.000262
14.01 1.000121 0.000261
14.02 1.000100 0.000261
14.03 1.000080 0.000261
14.04 1.000061 0.000260
14.05 1.000044 0.000259
14.06 1.000029 0.000259
14.07 1.000016 0.000257
14.08 1.000005 0.000256
14.09 0.999995 0.000254
14.10 0.999987 0.000252
14.11 0.999981 0.000250
14.12 0.999976 0.000249
14.13 0.999972 0.000247
14.14 0.999968 0.000245
14.15 0.999966 0.000243
14.16 0.999964 0.000242
14.17 0.999962 0.000241
14.18 0.999960 0.000241
14.19 0.999957 0.000240
14.20 0.999955 0.000240
14.21 0.999951 0.000240
14.22 0.999947 0.000240
14.23 0.999942 0.000240
14.24 0.999936 0.000239
14.25 0.999929 0.000239
14.26 0.999920 0.000238
14.27 0.999911 0.000237
14.28 0.999901 0.000236
14.29 0.999890 0.000234
14.30 0.999878 0.000233
14.31 0.999865 0.000231
14.32 0.999852 0.000229
14.33 0.999839 0.000228
14.34 0.999826 0.000227
14.35 0.999812 0.000225
14.36 0.999799 0.000224
14.37 0.999786 0.000224
14.38 0.999774 0.000223
14.39 0.999763 0.000223
14.40 0.999752 0.000223
14.41 0.999743 0.000222
14.42 0.999735 0.000222
14.43 0.999728 0.000222
14.44 0.999722 0.000221
14.45 0.999717 0.000220
14.46 0.999714 0.000219
14.47 0.999712 0.000218
14.48 0.999711 0.000216
14.49 0.999712 0.000215
14.50 0.999713 0.000213
14.51 0.999715 0.000211
14.52 0.999718 0.000209
14.53 0.999722 0.000208
14.54 0.999726 0.000206
14.55 0.999730 0.000205
14.56 0.999735 0.000204
14.57 0.999739 0.000203
14.58 0.999744 0.000202
14.59 0.999748 0.000201
14.60 0.999752 0.000201
14.61 0.999755 0.000201
14.62 0.999758 0.000200
14.63 0.999760 0.000200
14.64 0.999762 0.000200
14.65 0.999763 0.000199
14.66 0.999763 0.000199
14.67 0.999762 0.000198
14.68 0.999761 0.000197
14.69 0.999760 0.000196
14.70 0.999757 0.000195
14.71 0.999755 0.000194
14.72 0.999752 0.000193
14.73 0.999748 0.000192
14.74 0.999745 0.000191
14.75 0.999742 0.000191
14.76 0.999739 0.000190
14.77 0.999736 0.000189
14.78 0.999734 0.000188
14.79 0.999733 0.000188
14.80 0.999732 0.000187
14.81 0.999731 0.000187
14.82 0.999732 0.000186
14.83 0.999734 0.000186
14.84 0.999737 0.000186
14.85 0.999740 0.000186
14.86 0.999745 0.000186
14.87 0.999751 0.000187
14.88 0.999757 0.000187
14.89 0.999765 0.000188
14.90 0.999773 0.000188
14.91 0.999782 0.000188
14.92 0.999792 0.000189
14.93 0.999802 0.000189
14.94 0.999812 0.000188
14.95 0.999823 0.000188
14.96 0.999833 0.000187
14.97 0.999843 0.000186
14.98 0.999853 0.000184
14.99 0.999862 0.000183
15.00 0.999871 0.000181
15.01 0.999878 0.000180
15.02 0.999885 0.000178
15.03 0.999890 0.000177
15.04 0.999894 0.000176
15.05 0.999897 0.000176
15.06 0.999899 0.000176
15.07 0.999899 0.000177
15.08 0.999898 0.000178
15.09 0.999896 0.000180
15.10 0.999892 0.000181
15.11 0.999888 0.000182
15.12 0.999882 0.000184
15.13 0.999876 0.000185
15.14 0.999869 0.000185
15.15 0.999862 0.000185
15.16 0.999854 0.000185
15.17 0.999846 0.000184
15.18 0.999838 0.000183
15.19 0.999831 0.000181
15.20 0.999824 0.000179
15.21 0.999818 0.000178
15.22 0.999812 0.000176
15.23 0.999808 0.000175
15.24 0.999804 0.000174
15.25 0.999802 0.000174
15.26 0.999801 0.000174
15.27 0.999801 0.000175
15.28 0.999802 0.000176
15.29 0.999805 0.000177
15.30 0.999809 0.000178
15.31 0.999813 0.000178
15.32 0.999819 0.000179
15.33 0.999826 0.000179
15.34 0.999833 0.000178
15.35 0.999840 0.000177
15.36 0.999848 0.000176
15.37 0.999856 0.000175
15.38 0.999864 0.000173
15.39 0.999872 0.000172
15.40 0.999879 0.000171
15.41 0.999885 0.000170
15.42 0.999891 0.000169
15.43 0.999896 0.000170
15.44 0.999899 0.000170
15.45 0.999902 0.000171
15.46 0.999903 0.000173
15.47 0.999903 0.000174
15.48 0.999902 0.000176
15.49 0.999900 0.000177
15.50 0.999896 0.000178
15.51 0.999892 0.000178
15.52 0.999887 0.000178
15.53 0.999880 0.000177
15.54 0.999874 0.000175
15.55 0.999866 0.000174
15.56 0.999859 0.000172
15.57 0.999851 0.000170
15.58 0.999844 0.000168
15.59 0.999837 0.000166
15.60 0.999830 0.000165
15.61 0.999824 0.000165
15.62 0.999818 0.000165
15.63 0.999814 0.000166
15.64 0.999811 0.000168
15.65 0.999808 0.000170
15.66 0.999807 0.000171
15.67 0.999807 0.000173
15.68 0.999809 0.000174
15.69 0.999811 0.000175
15.70 0.999815 0.000176
15.71 0.999820 0.000175
15.72 0.999826 0.000174
15.73 0.999833 0.000173
15.74 0.999841 0.000171
15.75 0.999849 0.000169
15.76 0.999859 0.000167
15.77 0.999868 0.000165
15.78 0.999878 0.000163
15.79 0.999888 0.000162
15.80 0.999898 0.000162
15.81 0.999907 0.000162
15.82 0.999917 0.000163
15.83 0.999926 0.000164
15.84 0.999935 0.000166
15.85 0.999943 0.000168
15.86 0.999950 0.000170
15.87 0.999957 0.000171
15.88 0.999963 0.000172
15.89 0.999969 0.000172
15.90 0.999974 0.000172
15.91 0.999978 0.000171
15.92 0.999981 0.000170
15.93 0.999984 0.000168
15.94 0.999986 0.000166
15.95 0.999987 0.000164
15.96 0.999988 0.000162
15.97 0.999989 0.000161
15.98 0.999990 0.000160
15.99 0.999990 0.000160
16.00 0.999990 0.000160
16.01 0.999990 0.000161
16.02 0.999989 0.000163
16.03 0.999989 0.000164
16.04 0.999989 0.000166
16.05 0.999989 0.000167
16.06 0.999989 0.000168
16.07 0.999990 0.000169
16.08 0.999990 0.000169
16.09 0.999991 0.000169
16.10 0.999992 0.000168
16.11 0.999994 0.000166
16.12 0.999995 0.000165
16.13 0.999997 0.000163
16.14 1.000000 0.000161
16.15 1.000002 0.000159
16.16 1.000005 0.000158
16.17 1.000007 0.000157
16.18 1.000011 0.000157
16.19 1.000014 0.000157
16.20 1.000017 0.000158
16.21 1.000021 0.000159
16.22 1.000024 0.000160
16.23 1.000028 0.000161
16.24 1.000032 0.000163
16.25 1.000036 0.000164
16.26 1.000039 0.000164
16.27 1.000043 0.000165
16.28 1.000047 0.000165
16.29 1.000050 0.000164
16.30 1.000054 0.000163
16.31 1.000057 0.000162
16.32 1.000060 0.000160
16.33 1.000063 0.000159
16.34 1.000065 0.000157
16.35 1.000068 0.000156
16.36 1.000070 0.000155
16.37 1.000072 0.000155
16.38 1.000073 0.000154
16.39 1.000074 0.000155
16.40 1.000075 0.000155
16.41 1.000076 0.000156
16.42 1.000076 0.000156
16.43 1.000076 0.000157
16.44 1.000076 0.000157
16.45 1.000075 0.000158
16.46 1.000075 0.000158
16.47 1.000074 0.000158
16.48 1.000073 0.000157
16.49 1.000072 0.000157
16.50 1.000071 0.000156
16.51 1.000070 0.000155
16.52 1.000070 0.000154
16.53 1.000069 0.000154
16.54 1.000069 0.000153
16.55 1.000069 0.000153
16.56 1.000069 0.000153
16.57 1.000070 0.000153
16.58 1.000071 0.000154
16.59 1.000073 0.000154
16.60 1.000075 0.000155
16.61 1.000077 0.000155
16.62 1.000080 0.000156
16.63 1.000083 0.000156
16.64 1.000087 0.000156
16.65 1.000091 0.000156
16.66 1.000095 0.000155
16.67 1.000100 0.000154
16.68 1.000104 0.000154
16.69 1.000109 0.000153
16.70 1.000114 0.000152
16.71 1.000119 0.000151
16.72 1.000124 0.000150
16.73 1.000128 0.000150
16.74 1.000132 0.000149
16.75 1.000136 0.000149
16.76 1.000140 0.000149
16.77 1.000142 0.000149
16.78 1.000145 0.000150
16.79 1.000147 0.000150
16.80 1.000148 0.000150
16.81 1.000149 0.000150
16.82 1.000149 0.000150
16.83 1.000149 0.000150
16.84 1.000148 0.000150
16.85 1.000147 0.000150
16.86 1.000145 0.000149
16.87 1.000143 0.000149
16.88 1.000141 0.000148
16.89 1.000138 0.000148
16.90 1.000136 0.000148
16.91 1.000133 0.000148
16.92 1.000130 0.000148
16.93 1.000127 0.000148
16.94 1.000125 0.000148
16.95 1.000123 0.000148
16.96 1.000121 0.000149
16.97 1.000119 0.000149
16.98 1.000118 0.000150
16.99 1.000117 0.000150
17.00 1.000117 0.000150
17.01 1.000117 0.000150
17.02 1.000117 0.000150
17.03 1.000118 0.000150
17.04 1.000119 0.000149
17.05 1.000120 0.000148
17.06 1.000122 0.000147
17.07 1.000124 0.000146
17.08 1.000125 0.000145
17.09 1.000127 0.000144
17.10 1.000129 0.000143
17.11 1.000131 0.000142
17.12 1.000133 0.000142
17.13 1.000135 0.000141
17.14 1.000136 0.000141
17.15 1.000137 0.000141
17.16 1.000138 0.000142
17.17 1.000138 0.000142
17.18 1.000138 0.000142
17.19 1.000138 0.000143
17.20 1.000137 0.000143
17.21 1.000136 0.000143
17.22 1.000135 0.000143
17.23 1.000133 0.000143
17.24 1.000131 0.000143
17.25 1.000128 0.000143
17.26 1.000125 0.000142
17.27 1.000122 0.000142
17.28 1.000119 0.000141
17.29 1.000116 0.000141
17.30 1.000113 0.000141
17.31 1.000110 0.000141
17.32 1.000106 0.000140
17.33 1.000103 0.000141
17.34 1.000100 0.000141
17.35 1.000096 0.000141
17.36 1.000093 0.000141
17.37 1.000090 0.000142
17.38 1.000087 0.000142
17.39 1.000084 0.000142
17.40 1.000081 0.000142
17.41 1.000078 0.000142
17.42 1.000075 0.000142
17.43 1.000072 0.000142
17.44 1.000069 0.000141
17.45 1.000066 0.000141
17.46 1.000063 0.000140
17.47 1.000060 0.000139
17.48 1.000056 0.000139
17.49 1.000053 0.000138
17.50 1.000049 0.000138
17.51 1.000045 0.000137
17.52 1.000041 0.000137
17.53 1.000037 0.000137
17.54 1.000033 0.000137
17.55 1.000029 0.000137
17.56 1.000025 0.000137
17.57 1.000021 0.000137
17.58 1.000016 0.000137
17.59 1.000012 0.000137
17.60 1.000008 0.000137
17.61 1.000005 0.000137
17.62 1.000001 0.000137
17.63 0.999997 0.000137
17.64 0.999994 0.000136
17.65 0.999991 0.000136
17.66 0.999989 0.000136
17.67 0.999987 0.000135
17.68 0.999985 0.000135
17.69 0.999983 0.000135
17.70 0.999982 0.000135
17.71 0.999981 0.000135
17.72 0.999980 0.000135
17.73 0.999979 0.000136
17.74 0.999979 0.000136
17.75 0.999979 0.000136
17.76 0.999978 0.000137
17.77 0.999978 0.000137
17.78 0.999978 0.000137
17.79 0.999978 0.000137
17.80 0.999977 0.000137
17.81 0.999976 0.000136
17.82 0.999975 0.000136
17.83 0.999974 0.000135
17.84 0.999972 0.000134
17.85 0.999970 0.000133
17.86 0.999968 0.000132
17.87 0.999965 0.000132
17.88 0.999962 0.000131
17.89 0.999958 0.000130
17.90 0.999954 0.000130
17.91 0.999950 0.000130
17.92 0.999946 0.000130
17.93 0.999941 0.000130
17.94 0.999936 0.000131
17.95 0.999931 0.000131
17.96 0.999926 0.000132
17.97 0.999921 0.000132
17.98 0.999916 0.000132
17.99 0.999911 0.000132
18.00 0.999907 0.000132
18.01 0.999903 0.000132
18.02 0.999899 0.000132
18.03 0.999896 0.000131
18.04 0.999893 0.000131
18.05 0.999890 0.000130
18.06 0.999888 0.000129
18.07 0.999887 0.000129
18.08 0.999886 0.000128
18.09 0.999886 0.000128
18.10 0.999886 0.000128
18.11 0.999886 0.000128
18.12 0.999887 0.000128
18.13 0.999888 0.000128
18.14 0.999890 0.000129
18.15 0.999892 0.000129
18.16 0.999894 0.000130
18.17 0.999896 0.000131
18.18 0.999899 0.000131
18.19 0.999901 0.000131
18.20 0.999904 0.000131
18.21 0.999906 0.000131
18.22 0.999908 0.000131
18.23 0.999910 0.000130
18.24 0.999911 0.000130
18.25 0.999913 0.000129
18.26 0.999914 0.000128
18.27 0.999914 0.000127
18.28 0.999915 0.000126
18.29 0.999915 0.000126
18.30 0.999915 0.000125
18.31 0.999914 0.000125
18.32 0.999913 0.000125
18.33 0.999912 0.000125
18.34 0.999911 0.000125
18.35 0.999910 0.000125
18.36 0.999908 0.000126
18.37 0.999906 0.000126
18.38 0.999905 0.000127
18.39 0.999903 0.000127
18.40 0.999902 0.000128
18.41 0.999900 0.000128
18.42 0.999899 0.000128
18.43 0.999898 0.000127
18.44 0.999897 0.000127
18.45 0.999896 0.000126
18.46 0.999895 0.000126
18.47 0.999895 0.000125
18.48 0.999895 0.000124
18.49 0.999895 0.000123
18.50 0.999895 0.000123
18.51 0.999896 0.000122
18.52 0.999897 0.000122
18.53 0.999898 0.000122
18.54 0.999899 0.000123
18.55 0.999900 0.000123
18.56 0.999901 0.000124
18.57 0.999903 0.000124
18.58 0.999904 0.000125
18.59 0.999906 0.000125
18.60 0.999907 0.000126
18.61 0.999909 0.000126
18.62 0.999910 0.000126
18.63 0.999912 0.000126
18.64 0.999913 0.000126
18.65 0.999915 0.000125
18.66 0.999916 0.000124
18.67 0.999918 0.000123
18.68 0.999919 0.000122
18.69 0.999921 0.000121
18.70 0.999922 0.000120
18.71 0.999924 0.000119
18.72 0.999926 0.000119
18.73 0.999928 0.000118
18.74 0.999930 0.000118
18.75 0.999932 0.000118
18.76 0.999935 0.000118
18.77 0.999938 0.000119
18.78 0.999941 0.000119
18.79 0.999944 0.000120
18.80 0.999948 0.000121
18.81 0.999952 0.000121
18.82 0.999956 0.000122
18.83 0.999960 0.000122
18.84 0.999964 0.000122
18.85 0.999969 0.000122
18.86 0.999974 0.000122
18.87 0.999978 0.000122
18.88 0.999983 0.000121
18.89 0.999988 0.000120
18.90 0.999992 0.000120
18.91 0.999997 0.000119
18.92 1.000001 0.000119
18.93 1.000004 0.000118
18.94 1.000008 0.000118
18.95 1.000011 0.000118
18.96 1.000013 0.000118
18.97 1.000015 0.000118
18.98 1.000017 0.000118
18.99 1.000018 0.000118
19.00 1.000018 0.000118
19.01 1.000018 0.000119
19.02 1.000017 0.000119
19.03 1.000016 0.000119
19.04 1.000014 0.000119
19.05 1.000012 0.000119
19.06 1.000010 0.000118
19.07 1.000007 0.000118
19.08 1.000004 0.000118
19.09 1.000000 0.000117
19.10 0.999997 0.000117
19.11 0.999994 0.000117
19.12 0.999990 0.000117
19.13 0.999987 0.000117
19.14 0.999984 0.000117
19.15 0.999982 0.000117
19.16 0.999980 0.000117
19.17 0.999978 0.000117
19.18 0.999977 0.000117
19.19 0.999976 0.000117
19.20 0.999976 0.000117
19.21 0.999977 0.000117
19.22 0.999978 0.000117
19.23 0.999980 0.000117
19.24 0.999982 0.000117
19.25 0.999985 0.000117
19.26 0.999988 0.000116
19.27 0.999992 0.000116
19.28 0.999996 0.000115
19.29 1.000000 0.000115
19.30 1.000005 0.000115
19.31 1.000009 0.000114
19.32 1.000014 0.000114
19.33 1.000018 0.000114
19.34 1.000022 0.000114
19.35 1.000026 0.000114
19.36 1.000030 0.000113
19.37 1.000033 0.000113
19.38 1.000036 0.000113
19.39 1.000038 0.000113
19.40 1.000040 0.000113
19.41 1.000041 0.000113
19.42 1.000041 0.000113
19.43 1.000041 0.000113
19.44 1.000041 0.000112
19.45 1.000040 0.000112
19.46 1.000039 0.000112
19.47 1.000037 0.000112
19.48 1.000035 0.000112
19.49 1.000033 0.000112
19.50 1.000030 0.000113
19.51 1.000028 0.000113
19.52 1.000025 0.000113
19.53 1.000023 0.000113
19.54 1.000021 0.000113
19.55 1.000019 0.000113
19.56 1.000017 0.000113
19.57 1.000016 0.000113
19.58 1.000015 0.000112
19.59 1.000015 0.000112
19.60 1.000014 0.000112
19.61 1.000015 0.000111
19.62 1.000015 0.000111
19.63 1.000016 0.000111
19.64 1.000018 0.000110
19.65 1.000020 0.000110
19.66 1.000021 0.000110
19.67 1.000024 0.000110
19.68 1.000026 0.000110
19.69 1.000028 0.000110
19.70 1.000031 0.000110
19.71 1.000033 0.000110
19.72 1.000035 0.000110
19.73 1.000037 0.000110
19.74 1.000039 0.000110
19.75 1.000040 0.000111
19.76 1.000041 0.000111
19.77 1.000042 0.000111
19.78 1.000043 0.000111
19.79 1.000043 0.000111
19.80 1.000043 0.000110
19.81 1.000043 0.000110
19.82 1.000042 0.000110
19.83 1.000041 0.000110
19.84 1.000040 0.000110
19.85 1.000039 0.000110
19.86 1.000038 0.000109
19.87 1.000037 0.000109
19.88 1.000036 0.000109
19.89 1.000035 0.000109
19.90 1.000034 0.000108
19.91 1.000033 0.000108
19.92 1.000033 0.000108
19.93 1.000033 0.000108
19.94 1.000033 0.000107
19.95 1.000033 0.000107
19.96 1.000034 0.000107
19.97 1.000035 0.000107
19.98 1.000036 0.000107
19.99 1.000037 0.000107
20.00 1.000038 0.000107
20.01 1.000040 0.000107
20.02 1.000041 0.000107
20.03 1.000042 0.000108
20.04 1.000043 0.000107
20.05 1.000044 0.000107
20.06 1.000045 0.000107
20.07 1.000045 0.000107
20.08 1.000045 0.000106
20.09 1.000045 0.000106
20.10 1.000044 0.000106
20.11 1.000043 0.000105
20.12 1.000041 0.000105
20.13 1.000039 0.000104
20.14 1.000037 0.000104
20.15 1.000034 0.000104
20.16 1.000031 0.000104
20.17 1.000027 0.000104
20.18 1.000024 0.000105
20.19 1.000020 0.000105
20.20 1.000017 0.000106
20.21 1.000013 0.000106
20.22 1.000010 0.000106
20.23 1.000007 0.000107
20.24 1.000004 0.000107
20.25 1.000002 0.000107
20.26 1.000000 0.000107
20.27 0.999999 0.000106
20.28 0.999999 0.000106
20.29 0.999999 0.000105
20.30 0.999999 0.000104
20.31 1.000000 0.000104
20.32 1.000002 0.000103
20.33 1.000004 0.000103
20.34 1.000007 0.000102
20.35 1.000010 0.000102
20.36 1.000014 0.000102
20.37 1.000017 0.000102
20.38 1.000021 0.000103
20.39 1.000024 0.000103
20.40 1.000028 0.000104
20.41 1.000031 0.000104
20.42 1.000034 0.000104
20.43 1.000036 0.000104
20.44 1.000038 0.000104
20.45 1.000039 0.000104
20.46 1.000039 0.000104
20.47 1.000039 0.000103
20.48 1.000038 0.000102
20.49 1.000036 0.000101
20.50 1.000033 0.000100
20.51 1.000029 0.000100
20.52 1.000025 0.000099
20.53 1.000021 0.000099
20.54 1.000015 0.000099
20.55 1.000010 0.000099
20.56 1.000004 0.000099
20.57 0.999997 0.000100
20.58 0.999991 0.000101
20.59 0.999985 0.000102
20.60 0.999979 0.000103
20.61 0.999974 0.000104
20.62 0.999969 0.000104
20.63 0.999965 0.000105
20.64 0.999961 0.000105
20.65 0.999958 0.000104
20.66 0.999957 0.000104
20.67 0.999956 0.000103
20.68 0.999955 0.000102
20.69 0.999956 0.000101
20.70 0.999958 0.000100
20.71 0.999961 0.000099
20.72 0.999964 0.000099
20.73 0.999968 0.000098
20.74 0.999973 0.000098
20.75 0.999978 0.000097
20.76 0.999984 0.000098
20.77 0.999990 0.000098
20.78 0.999996 0.000099
20.79 1.000002 0.000099
20.80 1.000008 0.000100
20.81 1.000013 0.000100
20.82 1.000018 0.000101
20.83 1.000023 0.000101
20.84 1.000027 0.000101
20.85 1.000030 0.000101
20.86 1.000033 0.000101
20.87 1.000034 0.000100
20.88 1.000035 0.000100
20.89 1.000035 0.000099
20.90 1.000035 0.000098
20.91 1.000033 0.000097
20.92 1.000031 0.000096
20.93 1.000028 0.000096
20.94 1.000024 0.000095
20.95 1.000020 0.000095
20.96 1.000016 0.000095
20.97 1.000011 0.000095
20.98 1.000006 0.000096
20.99 1.000001 0.000096
21.00 0.999996 0.000097
21.01 0.999991 0.000097
21.02 0.999986 0.000098
21.03 0.999982 0.000098
21.04 0.999978 0.000099
21.05 0.999974 0.000099
21.06 0.999971 0.000099
21.07 0.999969 0.000099
21.08 0.999967 0.000098
21.09 0.999965 0.000098
21.10 0.999964 0.000097
21.11 0.999964 0.000097
21.12 0.999964 0.000096
21.13 0.999965 0.000096
21.14 0.999966 0.000095
21.15 0.999967 0.000095
21.16 0.999969 0.000095
21.17 0.999970 0.000095
21.18 0.999972 0.000095
21.19 0.999974 0.000095
21.20 0.999976 0.000095
21.21 0.999978 0.000096
21.22 0.999980 0.000096
21.23 0.999981 0.000096
21.24 0.999983 0.000096
21.25 0.999984 0.000096
21.26 0.999985 0.000096
21.27 0.999986 0.000096
21.28 0.999986 0.000096
21.29 0.999986 0.000096
21.30 0.999986 0.000095
21.31 0.999986 0.000095
21.32 0.999986 0.000094
21.33 0.999985 0.000094
21.34 0.999985 0.000094
21.35 0.999984 0.000094
21.36 0.999983 0.000094
21.37 0.999982 0.000094
21.38 0.999981 0.000094
21.39 0.999981 0.000094
21.40 0.999980 0.000095
21.41 0.999980 0.000095
21.42 0.999980 0.000095
21.43 0.999979 0.000095
21.44 0.999980 0.000095
21.45 0.999980 0.000095
21.46 0.999980 0.000095
21.47 0.999981 0.000094
21.48 0.999982 0.000094
21.49 0.999983 0.000093
21.50 0.999984 0.000093
21.51 0.999985 0.000092
21.52 0.999987 0.000092
21.53 0.999988 0.000091
21.54 0.999989 0.000091
21.55 0.999991 0.000091
21.56 0.999992 0.000091
21.57 0.999993 0.000091
21.58 0.999995 0.000091
21.59 0.999995 0.000092
21.60 0.999996 0.000092
21.61 0.999997 0.000092
21.62 0.999997 0.000093
21.63 0.999997 0.000093
21.64 0.999997 0.000093
21.65 0.999996 0.000093
21.66 0.999995 0.000093
21.67 0.999994 0.000093
21.68 0.999993 0.000093
21.69 0.999991 0.000092
21.70 0.999989 0.000092
21.71 0.999987 0.000091
21.72 0.999984 0.000091
21.73 0.999981 0.000091
21.74 0.999978 0.000091
21.75 0.999975 0.000090
21.76 0.999972 0.000090
21.77 0.999969 0.000090
21.78 0.999965 0.000090
21.79 0.999962 0.000091
21.80 0.999959 0.000091
21.81 0.999956 0.000091
21.82 0.999953 0.000091
21.83 0.999950 0.000090
21.84 0.999948 0.000090
21.85 0.999946 0.000090
21.86 0.999944 0.000090
21.87 0.999943 0.000089
21.88 0.999943 0.000089
21.89 0.999943 0.000089
21.90 0.999943 0.000088
21.91 0.999944 0.000088
21.92 0.999946 0.000088
21.93 0.999948 0.000088
21.94 0.999950 0.000088
21.95 0.999954 0.000089
21.96 0.999957 0.000089
21.97 0.999962 0.000089
21.98 0.999966 0.000090
21.99 0.999971 0.000090
22.00 0.999976 0.000090
22.01 0.999981 0.000090
22.02 0.999987 0.000090
22.03 0.999992 0.000090
22.04 0.999998 0.000090
22.05 1.000003 0.000090
22.06 1.000008 0.000089
22.07 1.000012 0.000089
22.08 1.000016 0.000089
22.09 1.000020 0.000088
22.10 1.000023 0.000088
22.11 1.000025 0.000088
22.12 1.000026 0.000088
22.13 1.000027 0.000089
22.14 1.000027 0.000089
22.15 1.000027 0.000089
22.16 1.000026 0.000089
22.17 1.000024 0.000089
22.18 1.000021 0.000090
22.19 1.000018 0.000090
22.20 1.000015 0.000089
22.21 1.000011 0.000089
22.22 1.000007 0.000088
22.23 1.000003 0.000088
22.24 0.999999 0.000087
22.25 0.999995 0.000086
22.26 0.999991 0.000085
22.27 0.999988 0.000084
22.28 0.999985 0.000084
22.29 0.999983 0.000083
22.30 0.999981 0.000083
22.31 0.999980 0.000083
22.32 0.999979 0.000083
22.33 0.999980 0.000083
22.34 0.999981 0.000084
22.35 0.999983 0.000085
22.36 0.999986 0.000085
22.37 0.999989 0.000086
22.38 0.999993 0.000087
22.39 0.999997 0.000087
22.40 1.000002 0.000088
22.41 1.000006 0.000088
22.42 1.000011 0.000088
22.43 1.000016 0.000088
22.44 1.000021 0.000087
22.45 1.000026 0.000087
22.46 1.000030 0.000086
22.47 1.000033 0.000086
22.48 1.000036 0.000085
22.49 1.000038 0.000085
22.50 1.000039 0.000085
22.51 1.000039 0.000084
22.52 1.000039 0.000084
22.53 1.000037 0.000085
22.54 1.000034 0.000085
22.55 1.000031 0.000085
22.56 1.000026 0.000085
22.57 1.000021 0.000086
22.58 1.000015 0.000086
22.59 1.000009 0.000086
22.60 1.000002 0.000086
22.61 0.999995 0.000085
22.62 0.999988 0.000085
22.63 0.999981 0.000085
22.64 0.999974 0.000084
22.65 0.999968 0.000084
22.66 0.999962 0.000083
22.67 0.999957 0.000083
22.68 0.999953 0.000082
22.69 0.999949 0.000082
22.70 0.999947 0.000082
22.71 0.999946 0.000082
22.72 0.999946 0.000082
22.73 0.999947 0.000082
22.74 0.999949 0.000083
22.75 0.999952 0.000083
22.76 0.999955 0.000084
22.77 0.999960 0.000084
22.78 0.999966 0.000084
22.79 0.999972 0.000085
22.80 0.999979 0.000085
22.81 0.999985 0.000084
22.82 0.999992 0.000084
22.83 0.999999 0.000084
22.84 1.000006 0.000083
22.85 1.000013 0.000083
22.86 1.000019 0.000082
22.87 1.000024 0.000081
22.88 1.000029 0.000081
22.89 1.000032 0.000081
22.90 1.000035 0.000081
22.91 1.000038 0.000081
22.92 1.000039 0.000081
22.93 1.000039 0.000081
22.94 1.000038 0.000081
22.95 1.000037 0.000082
22.96 1.000035 0.000082
22.97 1.000032 0.000083
22.98 1.000029 0.000083
22.99 1.000025 0.000083
23.00 1.000021 0.000083
23.01 1.000017 0.000083
23.02 1.000013 0.000083
23.03 1.000010 0.000082
23.04 1.000006 0.000082
23.05 1.000003 0.000081
23.06 1.000000 0.000080
23.07 0.999998 0.000080
23.08 0.999997 0.000079
23.09 0.999996 0.000079
23.10 0.999996 0.000079
23.11 0.999996 0.000079
23.12 0.999998 0.000079
23.13 1.000000 0.000079
23.14 1.000002 0.000080
23.15 1.000005 0.000080
23.16 1.000008 0.000081
23.17 1.000012 0.000081
23.18 1.000015 0.000081
23.19 1.000019 0.000082
23.20 1.000023 0.000082
23.21 1.000026 0.000082
23.22 1.000029 0.000081
23.23 1.000032 0.000081
23.24 1.000035 0.000081
23.25 1.000036 0.000080
23.26 1.000038 0.000080
23.27 1.000038 0.000079
23.28 1.000038 0.000079
23.29 1.000038 0.000079
23.30 1.000037 0.000078
23.31 1.000035 0.000078
23.32 1.000033 0.000078
23.33 1.000031 0.000078
23.34 1.000028 0.000079
23.35 1.000025 0.000079
23.36 1.000022 0.000079
23.37 1.000019 0.000079
23.38 1.000016 0.000079
23.39 1.000013 0.000079
23.40 1.000011 0.000079
23.41 1.000009 0.000079
23.42 1.000007 0.000079
23.43 1.000006 0.000079
23.44 1.000005 0.000078
23.45 1.000005 0.000078
23.46 1.000006 0.000078
23.47 1.000007 0.000078
23.48 1.000008 0.000077
23.49 1.000010 0.000077
23.50 1.000012 0.000077
23.51 1.000014 0.000077
23.52 1.000017 0.000078
23.53 1.000020 0.000078
23.54 1.000023 0.000078
23.55 1.000025 0.000078
23.56 1.000027 0.000078
23.57 1.000030 0.000079
23.58 1.000031 0.000079
23.59 1.000032 0.000079
23.60 1.000033 0.000078
23.61 1.000033 0.000078
23.62 1.000033 0.000078
23.63 1.000032 0.000078
23.64 1.000030 0.000077
23.65 1.000028 0.000077
23.66 1.000026 0.000077
23.67 1.000023 0.000076
23.68 1.000019 0.000076
23.69 1.000016 0.000076
23.70 1.000012 0.000076
23.71 1.000008 0.000075
23.72 1.000005 0.000075
23.73 1.000001 0.000075
23.74 0.999998 0.000076
23.75 0.999995 0.000076
23.76 0.999993 0.000076
23.77 0.999991 0.000076
23.78 0.999989 0.000076
23.79 0.999988 0.000076
23.80 0.999988 0.000077
23.81 0.999989 0.000077
23.82 0.999990 0.000077
23.83 0.999991 0.000077
23.84 0.999994 0.000077
23.85 0.999996 0.000077
23.86 0.999999 0.000077
23.87 1.000003 0.000076
23.88 1.000006 0.000076
23.89 1.000010 0.000076
23.90 1.000013 0.000075
23.91 1.000017 0.000075
23.92 1.000020 0.000075
23.93 1.000023 0.000075
23.94 1.000025 0.000074
23.95 1.000027 0.000074
23.96 1.000028 0.000074
23.97 1.000029 0.000074
23.98 1.000029 0.000075
23.99 1.000029 0.000075
24.00 1.000028 0.000075
24.01 1.000026 0.000076
24.02 1.000024 0.000076
24.03 1.000021 0.000076
24.04 1.000018 0.000076
24.05 1.000015 0.000076
24.06 1.000011 0.000076
24.07 1.000007 0.000076
24.08 1.000003 0.000076
24.09 0.999999 0.000075
24.10 0.999995 0.000075
24.11 0.999991 0.000074
24.12 0.999988 0.000074
24.13 0.999985 0.000073
24.14 0.999982 0.000073
24.15 0.999980 0.000072
24.16 0.999978 0.000072
24.17 0.999977 0.000072
24.18 0.999977 0.000072
24.19 0.999976 0.000072
24.20 0.999976 0.000072
24.21 0.999977 0.000072
24.22 0.999978 0.000072
24.23 0.999979 0.000073
24.24 0.999980 0.000073
24.25 0.999982 0.000073
24.26 0.999983 0.000073
24.27 0.999985 0.000073
24.28 0.999986 0.000073
24.29 0.999987 0.000072
24.30 0.999988 0.000072
24.31 0.999989 0.000072
24.32 0.999989 0.000072
24.33 0.999990 0.000073
24.34 0.999989 0.000073
24.35 0.999989 0.000073
24.36 0.999988 0.000073
24.37 0.999987 0.000074
24.38 0.999986 0.000074
24.39 0.999985 0.000074
24.40 0.999983 0.000075
24.41 0.999982 0.000075
24.42 0.999980 0.000075
24.43 0.999979 0.000074
24.44 0.999978 0.000074
24.45 0.999977 0.000074
24.46 0.999977 0.000073
24.47 0.999976 0.000073
24.48 0.999977 0.000072
24.49 0.999977 0.000072
24.50 0.999978 0.000071
24.51 0.999980 0.000071
24.52 0.999982 0.000071
24.53 0.999984 0.000071
24.54 0.999986 0.000071
24.55 0.999989 0.000071
24.56 0.999992 0.000071
24.57 0.999995 0.000071
24.58 0.999998 0.000072
24.59 1.000002 0.000072
24.60 1.000005 0.000072
24.61 1.000008 0.000072
24.62 1.000010 0.000071
24.63 1.000012 0.000071
24.64 1.000014 0.000071
24.65 1.000015 0.000070
24.66 1.000016 0.000070
24.67 1.000016 0.000069
24.68 1.000016 0.000069
24.69 1.000015 0.000069
24.70 1.000013 0.000069
24.71 1.000011 0.000069
24.72 1.000009 0.000069
24.73 1.000006 0.000069
24.74 1.000003 0.000070
24.75 1.000000 0.000070
24.76 0.999996 0.000071
24.77 0.999993 0.000071
24.78 0.999989 0.000072
24.79 0.999986 0.000072
24.80 0.999983 0.000072
24.81 0.999980 0.000072
24.82 0.999978 0.000071
24.83 0.999976 0.000071
24.84 0.999975 0.000070
24.85 0.999974 0.000070
24.86 0.999974 0.000069
24.87 0.999974 0.000069
24.88 0.999975 0.000069
24.89 0.999976 0.000069
24.90 0.999978 0.000069
24.91 0.999981 0.000069
24.92 0.999983 0.000070
24.93 0.999986 0.000070
24.94 0.999989 0.000071
24.95 0.999993 0.000071
24.96 0.999996 0.000072
24.97 0.999999 0.000072
24.98 1.000002 0.000072
24.99 1.000005 0.000072

  
