1372
37.695 0 0 0 37.695 0 0 0 37.695
Ar 0 0 0 40
Ar 0 2.6925 2.6925 40
Ar 2.6925 0 2.6925 40
Ar 2.6925 2.6925 0 40
Ar 0 0 5.385 40
Ar 0 2.6925 8.0775 40
Ar 2.6925 0 8.0775 40
Ar 2.6925 2.6925 5.385 40
Ar 0 0 10.77 40
Ar 0 2.6925 13.4625 40
Ar 2.6925 0 13.4625 40
Ar 2.6925 2.6925 10.77 40
Ar 0 0 16.155 40
Ar 0 2.6925 18.8475 40
Ar 2.6925 0 18.8475 40
Ar 2.6925 2.6925 16.155 40
Ar 0 0 21.54 40
Ar 0 2.6925 24.2325 40
Ar 2.6925 0 24.2325 40
Ar 2.6925 2.6925 21.54 40
Ar 0 0 26.925 40
Ar 0 2.6925 29.6175 40
Ar 2.6925 0 29.6175 40
Ar 2.6925 2.6925 26.925 40
Ar 0 0 32.31 40
Ar 0 2.6925 35.0025 40
Ar 2.6925 0 35.0025 40
Ar 2.6925 2.6925 32.31 40
Ar 0 5.385 0 40
Ar 0 8.0775 2.6925 40
Ar 2.6925 5.385 2.6925 40
Ar 2.6925 8.0775 0 40
Ar 0 5.385 5.385 40
Ar 0 8.0775 8.0775 40
Ar 2.6925 5.385 8.0775 40
Ar 2.6925 8.0775 5.385 40
Ar 0 5.385 10.77 40
Ar 0 8.0775 13.4625 40
Ar 2.6925 5.385 13.4625 40
Ar 2.6925 8.0775 10.77 40
Ar 0 5.385 16.155 40
Ar 0 8.0775 18.8475 40
Ar 2.6925 5.385 18.8475 40
Ar 2.6925 8.0775 16.155 40
Ar 0 5.385 21.54 40
Ar 0 8.0775 24.2325 40
Ar 2.6925 5.385 24.2325 40
Ar 2.6925 8.0775 21.54 40
Ar 0 5.385 26.925 40
Ar 0 8.0775 29.6175 40
Ar 2.6925 5.385 29.6175 40
Ar 2.6925 8.0775 26.925 40
Ar 0 5.385 32.31 40
Ar 0 8.0775 35.0025 40
Ar 2.6925 5.385 35.0025 40
Ar 2.6925 8.0775 32.31 40
Ar 0 10.77 0 40
Ar 0 13.4625 2.6925 40
Ar 2.6925 10.77 2.6925 40
Ar 2.6925 13.4625 0 40
Ar 0 10.77 5.385 40
Ar 0 13.4625 8.0775 40
Ar 2.6925 10.77 8.0775 40
Ar 2.6925 13.4625 5.385 40
Ar 0 10.77 10.77 40
Ar 0 13.4625 13.4625 40
Ar 2.6925 10.77 13.4625 40
Ar 2.6925 13.4625 10.77 40
Ar 0 10.77 16.155 40
Ar 0 13.4625 18.8475 40
Ar 2.6925 10.77 18.8475 40
Ar 2.6925 13.4625 16.155 40
Ar 0 10.77 21.54 40
Ar 0 13.4625 24.2325 40
Ar 2.6925 10.77 24.2325 40
Ar 2.6925 13.4625 21.54 40
Ar 0 10.77 26.925 40
Ar 0 13.4625 29.6175 40
Ar 2.6925 10.77 29.6175 40
Ar 2.6925 13.4625 26.925 40
Ar 0 10.77 32.31 40
Ar 0 13.4625 35.0025 40
Ar 2.6925 10.77 35.0025 40
Ar 2.6925 13.4625 32.31 40
Ar 0 16.155 0 40
Ar 0 18.8475 2.6925 40
Ar 2.6925 16.155 2.6925 40
Ar 2.6925 18.8475 0 40
Ar 0 16.155 5.385 40
Ar 0 18.8475 8.0775 40
Ar 2.6925 16.155 8.0775 40
Ar 2.6925 18.8475 5.385 40
Ar 0 16.155 10.77 40
Ar 0 18.8475 13.4625 40
Ar 2.6925 16.155 13.4625 40
Ar 2.6925 18.8475 10.77 40
Ar 0 16.155 16.155 40
Ar 0 18.8475 18.8475 40
Ar 2.6925 16.155 18.8475 40
Ar 2.6925 18.8475 16.155 40
Ar 0 16.155 21.54 40
Ar 0 18.8475 24.2325 40
Ar 2.6925 16.155 24.2325 40
Ar 2.6925 18.8475 21.54 40
Ar 0 16.155 26.925 40
Ar 0 18.8475 29.6175 40
Ar 2.6925 16.155 29.6175 40
Ar 2.6925 18.8475 26.925 40
Ar 0 16.155 32.31 40
Ar 0 18.8475 35.0025 40
Ar 2.6925 16.155 35.0025 40
Ar 2.6925 18.8475 32.31 40
Ar 0 21.54 0 40
Ar 0 24.2325 2.6925 40
Ar 2.6925 21.54 2.6925 40
Ar 2.6925 24.2325 0 40
Ar 0 21.54 5.385 40
Ar 0 24.2325 8.0775 40
Ar 2.6925 21.54 8.0775 40
Ar 2.6925 24.2325 5.385 40
Ar 0 21.54 10.77 40
Ar 0 24.2325 13.4625 40
Ar 2.6925 21.54 13.4625 40
Ar 2.6925 24.2325 10.77 40
Ar 0 21.54 16.155 40
Ar 0 24.2325 18.8475 40
Ar 2.6925 21.54 18.8475 40
Ar 2.6925 24.2325 16.155 40
Ar 0 21.54 21.54 40
Ar 0 24.2325 24.2325 40
Ar 2.6925 21.54 24.2325 40
Ar 2.6925 24.2325 21.54 40
Ar 0 21.54 26.925 40
Ar 0 24.2325 29.6175 40
Ar 2.6925 21.54 29.6175 40
Ar 2.6925 24.2325 26.925 40
Ar 0 21.54 32.31 40
Ar 0 24.2325 35.0025 40
Ar 2.6925 21.54 35.0025 40
Ar 2.6925 24.2325 32.31 40
Ar 0 26.925 0 40
Ar 0 29.6175 2.6925 40
Ar 2.6925 26.925 2.6925 40
Ar 2.6925 29.6175 0 40
Ar 0 26.925 5.385 40
Ar 0 29.6175 8.0775 40
Ar 2.6925 26.925 8.0775 40
Ar 2.6925 29.6175 5.385 40
Ar 0 26.925 10.77 40
Ar 0 29.6175 13.4625 40
Ar 2.6925 26.925 13.4625 40
Ar 2.6925 29.6175 10.77 40
Ar 0 26.925 16.155 40
Ar 0 29.6175 18.8475 40
Ar 2.6925 26.925 18.8475 40
Ar 2.6925 29.6175 16.155 40
Ar 0 26.925 21.54 40
Ar 0 29.6175 24.2325 40
Ar 2.6925 26.925 24.2325 40
Ar 2.6925 29.6175 21.54 40
Ar 0 26.925 26.925 40
Ar 0 29.6175 29.6175 40
Ar 2.6925 26.925 29.6175 40
Ar 2.6925 29.6175 26.925 40
Ar 0 26.925 32.31 40
Ar 0 29.6175 35.0025 40
Ar 2.6925 26.925 35.0025 40
Ar 2.6925 29.6175 32.31 40
Ar 0 32.31 0 40
Ar 0 35.0025 2.6925 40
Ar 2.6925 32.31 2.6925 40
Ar 2.6925 35.0025 0 40
Ar 0 32.31 5.385 40
Ar 0 35.0025 8.0775 40
Ar 2.6925 32.31 8.0775 40
Ar 2.6925 35.0025 5.385 40
Ar 0 32.31 10.77 40
Ar 0 35.0025 13.4625 40
Ar 2.6925 32.31 13.4625 40
Ar 2.6925 35.0025 10.77 40
Ar 0 32.31 16.155 40
Ar 0 35.0025 18.8475 40
Ar 2.6925 32.31 18.8475 40
Ar 2.6925 35.0025 16.155 40
Ar 0 32.31 21.54 40
Ar 0 35.0025 24.2325 40
Ar 2.6925 32.31 24.2325 40
Ar 2.6925 35.0025 21.54 40
Ar 0 32.31 26.925 40
Ar 0 35.0025 29.6175 40
Ar 2.6925 32.31 29.6175 40
Ar 2.6925 35.0025 26.925 40
Ar 0 32.31 32.31 40
Ar 0 35.0025 35.0025 40
Ar 2.6925 32.31 35.0025 40
Ar 2.6925 35.0025 32.31 40
Ar 5.385 0 0 40
Ar 5.385 2.6925 2.6925 40
Ar 8.0775 0 2.6925 40
Ar 8.0775 2.6925 0 40
Ar 5.385 0 5.385 40
Ar 5.385 2.6925 8.0775 40
Ar 8.0775 0 8.0775 40
Ar 8.0775 2.6925 5.385 40
Ar 5.385 0 10.77 40
Ar 5.385 2.6925 13.4625 40
Ar 8.0775 0 13.4625 40
Ar 8.0775 2.6925 10.77 40
Ar 5.385 0 16.155 40
Ar 5.385 2.6925 18.8475 40
Ar 8.0775 0 18.8475 40
Ar 8.0775 2.6925 16.155 40
Ar 5.385 0 21.54 40
Ar 5.385 2.6925 24.2325 40
Ar 8.0775 0 24.2325 40
Ar 8.0775 2.6925 21.54 40
Ar 5.385 0 26.925 40
Ar 5.385 2.6925 29.6175 40
Ar 8.0775 0 29.6175 40
Ar 8.0775 2.6925 26.925 40
Ar 5.385 0 32.31 40
Ar 5.385 2.6925 35.0025 40
Ar 8.0775 0 35.0025 40
Ar 8.0775 2.6925 32.31 40
Ar 5.385 5.385 0 40
Ar 5.385 8.0775 2.6925 40
Ar 8.0775 5.385 2.6925 40
Ar 8.0775 8.0775 0 40
Ar 5.385 5.385 5.385 40
Ar 5.385 8.0775 8.0775 40
Ar 8.0775 5.385 8.0775 40
Ar 8.0775 8.0775 5.385 40
Ar 5.385 5.385 10.77 40
Ar 5.385 8.0775 13.4625 40
Ar 8.0775 5.385 13.4625 40
Ar 8.0775 8.0775 10.77 40
Ar 5.385 5.385 16.155 40
Ar 5.385 8.0775 18.8475 40
Ar 8.0775 5.385 18.8475 40
Ar 8.0775 8.0775 16.155 40
Ar 5.385 5.385 21.54 40
Ar 5.385 8.0775 24.2325 40
Ar 8.0775 5.385 24.2325 40
Ar 8.0775 8.0775 21.54 40
Ar 5.385 5.385 26.925 40
Ar 5.385 8.0775 29.6175 40
Ar 8.0775 5.385 29.6175 40
Ar 8.0775 8.0775 26.925 40
Ar 5.385 5.385 32.31 40
Ar 5.385 8.0775 35.0025 40
Ar 8.0775 5.385 35.0025 40
Ar 8.0775 8.0775 32.31 40
Ar 5.385 10.77 0 40
Ar 5.385 13.4625 2.6925 40
Ar 8.0775 10.77 2.6925 40
Ar 8.0775 13.4625 0 40
Ar 5.385 10.77 5.385 40
Ar 5.385 13.4625 8.0775 40
Ar 8.0775 10.77 8.0775 40
Ar 8.0775 13.4625 5.385 40
Ar 5.385 10.77 10.77 40
Ar 5.385 13.4625 13.4625 40
Ar 8.0775 10.77 13.4625 40
Ar 8.0775 13.4625 10.77 40
Ar 5.385 10.77 16.155 40
Ar 5.385 13.4625 18.8475 40
Ar 8.0775 10.77 18.8475 40
Ar 8.0775 13.4625 16.155 40
Ar 5.385 10.77 21.54 40
Ar 5.385 13.4625 24.2325 40
Ar 8.0775 10.77 24.2325 40
Ar 8.0775 13.4625 21.54 40
Ar 5.385 10.77 26.925 40
Ar 5.385 13.4625 29.6175 40
Ar 8.0775 10.77 29.6175 40
Ar 8.0775 13.4625 26.925 40
Ar 5.385 10.77 32.31 40
Ar 5.385 13.4625 35.0025 40
Ar 8.0775 10.77 35.0025 40
Ar 8.0775 13.4625 32.31 40
Ar 5.385 16.155 0 40
Ar 5.385 18.8475 2.6925 40
Ar 8.0775 16.155 2.6925 40
Ar 8.0775 18.8475 0 40
Ar 5.385 16.155 5.385 40
Ar 5.385 18.8475 8.0775 40
Ar 8.0775 16.155 8.0775 40
Ar 8.0775 18.8475 5.385 40
Ar 5.385 16.155 10.77 40
Ar 5.385 18.8475 13.4625 40
Ar 8.0775 16.155 13.4625 40
Ar 8.0775 18.8475 10.77 40
Ar 5.385 16.155 16.155 40
Ar 5.385 18.8475 18.8475 40
Ar 8.0775 16.155 18.8475 40
Ar 8.0775 18.8475 16.155 40
Ar 5.385 16.155 21.54 40
Ar 5.385 18.8475 24.2325 40
Ar 8.0775 16.155 24.2325 40
Ar 8.0775 18.8475 21.54 40
Ar 5.385 16.155 26.925 40
Ar 5.385 18.8475 29.6175 40
Ar 8.0775 16.155 29.6175 40
Ar 8.0775 18.8475 26.925 40
Ar 5.385 16.155 32.31 40
Ar 5.385 18.8475 35.0025 40
Ar 8.0775 16.155 35.0025 40
Ar 8.0775 18.8475 32.31 40
Ar 5.385 21.54 0 40
Ar 5.385 24.2325 2.6925 40
Ar 8.0775 21.54 2.6925 40
Ar 8.0775 24.2325 0 40
Ar 5.385 21.54 5.385 40
Ar 5.385 24.2325 8.0775 40
Ar 8.0775 21.54 8.0775 40
Ar 8.0775 24.2325 5.385 40
Ar 5.385 21.54 10.77 40
Ar 5.385 24.2325 13.4625 40
Ar 8.0775 21.54 13.4625 40
Ar 8.0775 24.2325 10.77 40
Ar 5.385 21.54 16.155 40
Ar 5.385 24.2325 18.8475 40
Ar 8.0775 21.54 18.8475 40
Ar 8.0775 24.2325 16.155 40
Ar 5.385 21.54 21.54 40
Ar 5.385 24.2325 24.2325 40
Ar 8.0775 21.54 24.2325 40
Ar 8.0775 24.2325 21.54 40
Ar 5.385 21.54 26.925 40
Ar 5.385 24.2325 29.6175 40
Ar 8.0775 21.54 29.6175 40
Ar 8.0775 24.2325 26.925 40
Ar 5.385 21.54 32.31 40
Ar 5.385 24.2325 35.0025 40
Ar 8.0775 21.54 35.0025 40
Ar 8.0775 24.2325 32.31 40
Ar 5.385 26.925 0 40
Ar 5.385 29.6175 2.6925 40
Ar 8.0775 26.925 2.6925 40
Ar 8.0775 29.6175 0 40
Ar 5.385 26.925 5.385 40
Ar 5.385 29.6175 8.0775 40
Ar 8.0775 26.925 8.0775 40
Ar 8.0775 29.6175 5.385 40
Ar 5.385 26.925 10.77 40
Ar 5.385 29.6175 13.4625 40
Ar 8.0775 26.925 13.4625 40
Ar 8.0775 29.6175 10.77 40
Ar 5.385 26.925 16.155 40
Ar 5.385 29.6175 18.8475 40
Ar 8.0775 26.925 18.8475 40
Ar 8.0775 29.6175 16.155 40
Ar 5.385 26.925 21.54 40
Ar 5.385 29.6175 24.2325 40
Ar 8.0775 26.925 24.2325 40
Ar 8.0775 29.6175 21.54 40
Ar 5.385 26.925 26.925 40
Ar 5.385 29.6175 29.6175 40
Ar 8.0775 26.925 29.6175 40
Ar 8.0775 29.6175 26.925 40
Ar 5.385 26.925 32.31 40
Ar 5.385 29.6175 35.0025 40
Ar 8.0775 26.925 35.0025 40
Ar 8.0775 29.6175 32.31 40
Ar 5.385 32.31 0 40
Ar 5.385 35.0025 2.6925 40
Ar 8.0775 32.31 2.6925 40
Ar 8.0775 35.0025 0 40
Ar 5.385 32.31 5.385 40
Ar 5.385 35.0025 8.0775 40
Ar 8.0775 32.31 8.0775 40
Ar 8.0775 35.0025 5.385 40
Ar 5.385 32.31 10.77 40
Ar 5.385 35.0025 13.4625 40
Ar 8.0775 32.31 13.4625 40
Ar 8.0775 35.0025 10.77 40
Ar 5.385 32.31 16.155 40
Ar 5.385 35.0025 18.8475 40
Ar 8.0775 32.31 18.8475 40
Ar 8.0775 35.0025 16.155 40
Ar 5.385 32.31 21.54 40
Ar 5.385 35.0025 24.2325 40
Ar 8.0775 32.31 24.2325 40
Ar 8.0775 35.0025 21.54 40
Ar 5.385 32.31 26.925 40
Ar 5.385 35.0025 29.6175 40
Ar 8.0775 32.31 29.6175 40
Ar 8.0775 35.0025 26.925 40
Ar 5.385 32.31 32.31 40
Ar 5.385 35.0025 35.0025 40
Ar 8.0775 32.31 35.0025 40
Ar 8.0775 35.0025 32.31 40
Ar 10.77 0 0 40
Ar 10.77 2.6925 2.6925 40
Ar 13.4625 0 2.6925 40
Ar 13.4625 2.6925 0 40
Ar 10.77 0 5.385 40
Ar 10.77 2.6925 8.0775 40
Ar 13.4625 0 8.0775 40
Ar 13.4625 2.6925 5.385 40
Ar 10.77 0 10.77 40
Ar 10.77 2.6925 13.4625 40
Ar 13.4625 0 13.4625 40
Ar 13.4625 2.6925 10.77 40
Ar 10.77 0 16.155 40
Ar 10.77 2.6925 18.8475 40
Ar 13.4625 0 18.8475 40
Ar 13.4625 2.6925 16.155 40
Ar 10.77 0 21.54 40
Ar 10.77 2.6925 24.2325 40
Ar 13.4625 0 24.2325 40
Ar 13.4625 2.6925 21.54 40
Ar 10.77 0 26.925 40
Ar 10.77 2.6925 29.6175 40
Ar 13.4625 0 29.6175 40
Ar 13.4625 2.6925 26.925 40
Ar 10.77 0 32.31 40
Ar 10.77 2.6925 35.0025 40
Ar 13.4625 0 35.0025 40
Ar 13.4625 2.6925 32.31 40
Ar 10.77 5.385 0 40
Ar 10.77 8.0775 2.6925 40
Ar 13.4625 5.385 2.6925 40
Ar 13.4625 8.0775 0 40
Ar 10.77 5.385 5.385 40
Ar 10.77 8.0775 8.0775 40
Ar 13.4625 5.385 8.0775 40
Ar 13.4625 8.0775 5.385 40
Ar 10.77 5.385 10.77 40
Ar 10.77 8.0775 13.4625 40
Ar 13.4625 5.385 13.4625 40
Ar 13.4625 8.0775 10.77 40
Ar 10.77 5.385 16.155 40
Ar 10.77 8.0775 18.8475 40
Ar 13.4625 5.385 18.8475 40
Ar 13.4625 8.0775 16.155 40
Ar 10.77 5.385 21.54 40
Ar 10.77 8.0775 24.2325 40
Ar 13.4625 5.385 24.2325 40
Ar 13.4625 8.0775 21.54 40
Ar 10.77 5.385 26.925 40
Ar 10.77 8.0775 29.6175 40
Ar 13.4625 5.385 29.6175 40
Ar 13.4625 8.0775 26.925 40
Ar 10.77 5.385 32.31 40
Ar 10.77 8.0775 35.0025 40
Ar 13.4625 5.385 35.0025 40
Ar 13.4625 8.0775 32.31 40
Ar 10.77 10.77 0 40
Ar 10.77 13.4625 2.6925 40
Ar 13.4625 10.77 2.6925 40
Ar 13.4625 13.4625 0 40
Ar 10.77 10.77 5.385 40
Ar 10.77 13.4625 8.0775 40
Ar 13.4625 10.77 8.0775 40
Ar 13.4625 13.4625 5.385 40
Ar 10.77 10.77 10.77 40
Ar 10.77 13.4625 13.4625 40
Ar 13.4625 10.77 13.4625 40
Ar 13.4625 13.4625 10.77 40
Ar 10.77 10.77 16.155 40
Ar 10.77 13.4625 18.8475 40
Ar 13.4625 10.77 18.8475 40
Ar 13.4625 13.4625 16.155 40
Ar 10.77 10.77 21.54 40
Ar 10.77 13.4625 24.2325 40
Ar 13.4625 10.77 24.2325 40
Ar 13.4625 13.4625 21.54 40
Ar 10.77 10.77 26.925 40
Ar 10.77 13.4625 29.6175 40
Ar 13.4625 10.77 29.6175 40
Ar 13.4625 13.4625 26.925 40
Ar 10.77 10.77 32.31 40
Ar 10.77 13.4625 35.0025 40
Ar 13.4625 10.77 35.0025 40
Ar 13.4625 13.4625 32.31 40
Ar 10.77 16.155 0 40
Ar 10.77 18.8475 2.6925 40
Ar 13.4625 16.155 2.6925 40
Ar 13.4625 18.8475 0 40
Ar 10.77 16.155 5.385 40
Ar 10.77 18.8475 8.0775 40
Ar 13.4625 16.155 8.0775 40
Ar 13.4625 18.8475 5.385 40
Ar 10.77 16.155 10.77 40
Ar 10.77 18.8475 13.4625 40
Ar 13.4625 16.155 13.4625 40
Ar 13.4625 18.8475 10.77 40
Ar 10.77 16.155 16.155 40
Ar 10.77 18.8475 18.8475 40
Ar 13.4625 16.155 18.8475 40
Ar 13.4625 18.8475 16.155 40
Ar 10.77 16.155 21.54 40
Ar 10.77 18.8475 24.2325 40
Ar 13.4625 16.155 24.2325 40
Ar 13.4625 18.8475 21.54 40
Ar 10.77 16.155 26.925 40
Ar 10.77 18.8475 29.6175 40
Ar 13.4625 16.155 29.6175 40
Ar 13.4625 18.8475 26.925 40
Ar 10.77 16.155 32.31 40
Ar 10.77 18.8475 35.0025 40
Ar 13.4625 16.155 35.0025 40
Ar 13.4625 18.8475 32.31 40
Ar 10.77 21.54 0 40
Ar 10.77 24.2325 2.6925 40
Ar 13.4625 21.54 2.6925 40
Ar 13.4625 24.2325 0 40
Ar 10.77 21.54 5.385 40
Ar 10.77 24.2325 8.0775 40
Ar 13.4625 21.54 8.0775 40
Ar 13.4625 24.2325 5.385 40
Ar 10.77 21.54 10.77 40
Ar 10.77 24.2325 13.4625 40
Ar 13.4625 21.54 13.4625 40
Ar 13.4625 24.2325 10.77 40
Ar 10.77 21.54 16.155 40
Ar 10.77 24.2325 18.8475 40
Ar 13.4625 21.54 18.8475 40
Ar 13.4625 24.2325 16.155 40
Ar 10.77 21.54 21.54 40
Ar 10.77 24.2325 24.2325 40
Ar 13.4625 21.54 24.2325 40
Ar 13.4625 24.2325 21.54 40
Ar 10.77 21.54 26.925 40
Ar 10.77 24.2325 29.6175 40
Ar 13.4625 21.54 29.6175 40
Ar 13.4625 24.2325 26.925 40
Ar 10.77 21.54 32.31 40
Ar 10.77 24.2325 35.0025 40
Ar 13.4625 21.54 35.0025 40
Ar 13.4625 24.2325 32.31 40
Ar 10.77 26.925 0 40
Ar 10.77 29.6175 2.6925 40
Ar 13.4625 26.925 2.6925 40
Ar 13.4625 29.6175 0 40
Ar 10.77 26.925 5.385 40
Ar 10.77 29.6175 8.0775 40
Ar 13.4625 26.925 8.0775 40
Ar 13.4625 29.6175 5.385 40
Ar 10.77 26.925 10.77 40
Ar 10.77 29.6175 13.4625 40
Ar 13.4625 26.925 13.4625 40
Ar 13.4625 29.6175 10.77 40
Ar 10.77 26.925 16.155 40
Ar 10.77 29.6175 18.8475 40
Ar 13.4625 26.925 18.8475 40
Ar 13.4625 29.6175 16.155 40
Ar 10.77 26.925 21.54 40
Ar 10.77 29.6175 24.2325 40
Ar 13.4625 26.925 24.2325 40
Ar 13.4625 29.6175 21.54 40
Ar 10.77 26.925 26.925 40
Ar 10.77 29.6175 29.6175 40
Ar 13.4625 26.925 29.6175 40
Ar 13.4625 29.6175 26.925 40
Ar 10.77 26.925 32.31 40
Ar 10.77 29.6175 35.0025 40
Ar 13.4625 26.925 35.0025 40
Ar 13.4625 29.6175 32.31 40
Ar 10.77 32.31 0 40
Ar 10.77 35.0025 2.6925 40
Ar 13.4625 32.31 2.6925 40
Ar 13.4625 35.0025 0 40
Ar 10.77 32.31 5.385 40
Ar 10.77 35.0025 8.0775 40
Ar 13.4625 32.31 8.0775 40
Ar 13.4625 35.0025 5.385 40
Ar 10.77 32.31 10.77 40
Ar 10.77 35.0025 13.4625 40
Ar 13.4625 32.31 13.4625 40
Ar 13.4625 35.0025 10.77 40
Ar 10.77 32.31 16.155 40
Ar 10.77 35.0025 18.8475 40
Ar 13.4625 32.31 18.8475 40
Ar 13.4625 35.0025 16.155 40
Ar 10.77 32.31 21.54 40
Ar 10.77 35.0025 24.2325 40
Ar 13.4625 32.31 24.2325 40
Ar 13.4625 35.0025 21.54 40
Ar 10.77 32.31 26.925 40
Ar 10.77 35.0025 29.6175 40
Ar 13.4625 32.31 29.6175 40
Ar 13.4625 35.0025 26.925 40
Ar 10.77 32.31 32.31 40
Ar 10.77 35.0025 35.0025 40
Ar 13.4625 32.31 35.0025 40
Ar 13.4625 35.0025 32.31 40
Ar 16.155 0 0 40
Ar 16.155 2.6925 2.6925 40
Ar 18.8475 0 2.6925 40
Ar 18.8475 2.6925 0 40
Ar 16.155 0 5.385 40
Ar 16.155 2.6925 8.0775 40
Ar 18.8475 0 8.0775 40
Ar 18.8475 2.6925 5.385 40
Ar 16.155 0 10.77 40
Ar 16.155 2.6925 13.4625 40
Ar 18.8475 0 13.4625 40
Ar 18.8475 2.6925 10.77 40
Ar 16.155 0 16.155 40
Ar 16.155 2.6925 18.8475 40
Ar 18.8475 0 18.8475 40
Ar 18.8475 2.6925 16.155 40
Ar 16.155 0 21.54 40
Ar 16.155 2.6925 24.2325 40
Ar 18.8475 0 24.2325 40
Ar 18.8475 2.6925 21.54 40
Ar 16.155 0 26.925 40
Ar 16.155 2.6925 29.6175 40
Ar 18.8475 0 29.6175 40
Ar 18.8475 2.6925 26.925 40
Ar 16.155 0 32.31 40
Ar 16.155 2.6925 35.0025 40
Ar 18.8475 0 35.0025 40
Ar 18.8475 2.6925 32.31 40
Ar 16.155 5.385 0 40
Ar 16.155 8.0775 2.6925 40
Ar 18.8475 5.385 2.6925 40
Ar 18.8475 8.0775 0 40
Ar 16.155 5.385 5.385 40
Ar 16.155 8.0775 8.0775 40
Ar 18.8475 5.385 8.0775 40
Ar 18.8475 8.0775 5.385 40
Ar 16.155 5.385 10.77 40
Ar 16.155 8.0775 13.4625 40
Ar 18.8475 5.385 13.4625 40
Ar 18.8475 8.0775 10.77 40
Ar 16.155 5.385 16.155 40
Ar 16.155 8.0775 18.8475 40
Ar 18.8475 5.385 18.8475 40
Ar 18.8475 8.0775 16.155 40
Ar 16.155 5.385 21.54 40
Ar 16.155 8.0775 24.2325 40
Ar 18.8475 5.385 24.2325 40
Ar 18.8475 8.0775 21.54 40
Ar 16.155 5.385 26.925 40
Ar 16.155 8.0775 29.6175 40
Ar 18.8475 5.385 29.6175 40
Ar 18.8475 8.0775 26.925 40
Ar 16.155 5.385 32.31 40
Ar 16.155 8.0775 35.0025 40
Ar 18.8475 5.385 35.0025 40
Ar 18.8475 8.0775 32.31 40
Ar 16.155 10.77 0 40
Ar 16.155 13.4625 2.6925 40
Ar 18.8475 10.77 2.6925 40
Ar 18.8475 13.4625 0 40
Ar 16.155 10.77 5.385 40
Ar 16.155 13.4625 8.0775 40
Ar 18.8475 10.77 8.0775 40
Ar 18.8475 13.4625 5.385 40
Ar 16.155 10.77 10.77 40
Ar 16.155 13.4625 13.4625 40
Ar 18.8475 10.77 13.4625 40
Ar 18.8475 13.4625 10.77 40
Ar 16.155 10.77 16.155 40
Ar 16.155 13.4625 18.8475 40
Ar 18.8475 10.77 18.8475 40
Ar 18.8475 13.4625 16.155 40
Ar 16.155 10.77 21.54 40
Ar 16.155 13.4625 24.2325 40
Ar 18.8475 10.77 24.2325 40
Ar 18.8475 13.4625 21.54 40
Ar 16.155 10.77 26.925 40
Ar 16.155 13.4625 29.6175 40
Ar 18.8475 10.77 29.6175 40
Ar 18.8475 13.4625 26.925 40
Ar 16.155 10.77 32.31 40
Ar 16.155 13.4625 35.0025 40
Ar 18.8475 10.77 35.0025 40
Ar 18.8475 13.4625 32.31 40
Ar 16.155 16.155 0 40
Ar 16.155 18.8475 2.6925 40
Ar 18.8475 16.155 2.6925 40
Ar 18.8475 18.8475 0 40
Ar 16.155 16.155 5.385 40
Ar 16.155 18.8475 8.0775 40
Ar 18.8475 16.155 8.0775 40
Ar 18.8475 18.8475 5.385 40
Ar 16.155 16.155 10.77 40
Ar 16.155 18.8475 13.4625 40
Ar 18.8475 16.155 13.4625 40
Ar 18.8475 18.8475 10.77 40
Ar 16.155 16.155 16.155 40
Ar 16.155 18.8475 18.8475 40
Ar 18.8475 16.155 18.8475 40
Ar 18.8475 18.8475 16.155 40
Ar 16.155 16.155 21.54 40
Ar 16.155 18.8475 24.2325 40
Ar 18.8475 16.155 24.2325 40
Ar 18.8475 18.8475 21.54 40
Ar 16.155 16.155 26.925 40
Ar 16.155 18.8475 29.6175 40
Ar 18.8475 16.155 29.6175 40
Ar 18.8475 18.8475 26.925 40
Ar 16.155 16.155 32.31 40
Ar 16.155 18.8475 35.0025 40
Ar 18.8475 16.155 35.0025 40
Ar 18.8475 18.8475 32.31 40
Ar 16.155 21.54 0 40
Ar 16.155 24.2325 2.6925 40
Ar 18.8475 21.54 2.6925 40
Ar 18.8475 24.2325 0 40
Ar 16.155 21.54 5.385 40
Ar 16.155 24.2325 8.0775 40
Ar 18.8475 21.54 8.0775 40
Ar 18.8475 24.2325 5.385 40
Ar 16.155 21.54 10.77 40
Ar 16.155 24.2325 13.4625 40
Ar 18.8475 21.54 13.4625 40
Ar 18.8475 24.2325 10.77 40
Ar 16.155 21.54 16.155 40
Ar 16.155 24.2325 18.8475 40
Ar 18.8475 21.54 18.8475 40
Ar 18.8475 24.2325 16.155 40
Ar 16.155 21.54 21.54 40
Ar 16.155 24.2325 24.2325 40
Ar 18.8475 21.54 24.2325 40
Ar 18.8475 24.2325 21.54 40
Ar 16.155 21.54 26.925 40
Ar 16.155 24.2325 29.6175 40
Ar 18.8475 21.54 29.6175 40
Ar 18.8475 24.2325 26.925 40
Ar 16.155 21.54 32.31 40
Ar 16.155 24.2325 35.0025 40
Ar 18.8475 21.54 35.0025 40
Ar 18.8475 24.2325 32.31 40
Ar 16.155 26.925 0 40
Ar 16.155 29.6175 2.6925 40
Ar 18.8475 26.925 2.6925 40
Ar 18.8475 29.6175 0 40
Ar 16.155 26.925 5.385 40
Ar 16.155 29.6175 8.0775 40
Ar 18.8475 26.925 8.0775 40
Ar 18.8475 29.6175 5.385 40
Ar 16.155 26.925 10.77 40
Ar 16.155 29.6175 13.4625 40
Ar 18.8475 26.925 13.4625 40
Ar 18.8475 29.6175 10.77 40
Ar 16.155 26.925 16.155 40
Ar 16.155 29.6175 18.8475 40
Ar 18.8475 26.925 18.8475 40
Ar 18.8475 29.6175 16.155 40
Ar 16.155 26.925 21.54 40
Ar 16.155 29.6175 24.2325 40
Ar 18.8475 26.925 24.2325 40
Ar 18.8475 29.6175 21.54 40
Ar 16.155 26.925 26.925 40
Ar 16.155 29.6175 29.6175 40
Ar 18.8475 26.925 29.6175 40
Ar 18.8475 29.6175 26.925 40
Ar 16.155 26.925 32.31 40
Ar 16.155 29.6175 35.0025 40
Ar 18.8475 26.925 35.0025 40
Ar 18.8475 29.6175 32.31 40
Ar 16.155 32.31 0 40
Ar 16.155 35.0025 2.6925 40
Ar 18.8475 32.31 2.6925 40
Ar 18.8475 35.0025 0 40
Ar 16.155 32.31 5.385 40
Ar 16.155 35.0025 8.0775 40
Ar 18.8475 32.31 8.0775 40
Ar 18.8475 35.0025 5.385 40
Ar 16.155 32.31 10.77 40
Ar 16.155 35.0025 13.4625 40
Ar 18.8475 32.31 13.4625 40
Ar 18.8475 35.0025 10.77 40
Ar 16.155 32.31 16.155 40
Ar 16.155 35.0025 18.8475 40
Ar 18.8475 32.31 18.8475 40
Ar 18.8475 35.0025 16.155 40
Ar 16.155 32.31 21.54 40
Ar 16.155 35.0025 24.2325 40
Ar 18.8475 32.31 24.2325 40
Ar 18.8475 35.0025 21.54 40
Ar 16.155 32.31 26.925 40
Ar 16.155 35.0025 29.6175 40
Ar 18.8475 32.31 29.6175 40
Ar 18.8475 35.0025 26.925 40
Ar 16.155 32.31 32.31 40
Ar 16.155 35.0025 35.0025 40
Ar 18.8475 32.31 35.0025 40
Ar 18.8475 35.0025 32.31 40
Ar 21.54 0 0 40
Ar 21.54 2.6925 2.6925 40
Ar 24.2325 0 2.6925 40
Ar 24.2325 2.6925 0 40
Ar 21.54 0 5.385 40
Ar 21.54 2.6925 8.0775 40
Ar 24.2325 0 8.0775 40
Ar 24.2325 2.6925 5.385 40
Ar 21.54 0 10.77 40
Ar 21.54 2.6925 13.4625 40
Ar 24.2325 0 13.4625 40
Ar 24.2325 2.6925 10.77 40
Ar 21.54 0 16.155 40
Ar 21.54 2.6925 18.8475 40
Ar 24.2325 0 18.8475 40
Ar 24.2325 2.6925 16.155 40
Ar 21.54 0 21.54 40
Ar 21.54 2.6925 24.2325 40
Ar 24.2325 0 24.2325 40
Ar 24.2325 2.6925 21.54 40
Ar 21.54 0 26.925 40
Ar 21.54 2.6925 29.6175 40
Ar 24.2325 0 29.6175 40
Ar 24.2325 2.6925 26.925 40
Ar 21.54 0 32.31 40
Ar 21.54 2.6925 35.0025 40
Ar 24.2325 0 35.0025 40
Ar 24.2325 2.6925 32.31 40
Ar 21.54 5.385 0 40
Ar 21.54 8.0775 2.6925 40
Ar 24.2325 5.385 2.6925 40
Ar 24.2325 8.0775 0 40
Ar 21.54 5.385 5.385 40
Ar 21.54 8.0775 8.0775 40
Ar 24.2325 5.385 8.0775 40
Ar 24.2325 8.0775 5.385 40
Ar 21.54 5.385 10.77 40
Ar 21.54 8.0775 13.4625 40
Ar 24.2325 5.385 13.4625 40
Ar 24.2325 8.0775 10.77 40
Ar 21.54 5.385 16.155 40
Ar 21.54 8.0775 18.8475 40
Ar 24.2325 5.385 18.8475 40
Ar 24.2325 8.0775 16.155 40
Ar 21.54 5.385 21.54 40
Ar 21.54 8.0775 24.2325 40
Ar 24.2325 5.385 24.2325 40
Ar 24.2325 8.0775 21.54 40
Ar 21.54 5.385 26.925 40
Ar 21.54 8.0775 29.6175 40
Ar 24.2325 5.385 29.6175 40
Ar 24.2325 8.0775 26.925 40
Ar 21.54 5.385 32.31 40
Ar 21.54 8.0775 35.0025 40
Ar 24.2325 5.385 35.0025 40
Ar 24.2325 8.0775 32.31 40
Ar 21.54 10.77 0 40
Ar 21.54 13.4625 2.6925 40
Ar 24.2325 10.77 2.6925 40
Ar 24.2325 13.4625 0 40
Ar 21.54 10.77 5.385 40
Ar 21.54 13.4625 8.0775 40
Ar 24.2325 10.77 8.0775 40
Ar 24.2325 13.4625 5.385 40
Ar 21.54 10.77 10.77 40
Ar 21.54 13.4625 13.4625 40
Ar 24.2325 10.77 13.4625 40
Ar 24.2325 13.4625 10.77 40
Ar 21.54 10.77 16.155 40
Ar 21.54 13.4625 18.8475 40
Ar 24.2325 10.77 18.8475 40
Ar 24.2325 13.4625 16.155 40
Ar 21.54 10.77 21.54 40
Ar 21.54 13.4625 24.2325 40
Ar 24.2325 10.77 24.2325 40
Ar 24.2325 13.4625 21.54 40
Ar 21.54 10.77 26.925 40
Ar 21.54 13.4625 29.6175 40
Ar 24.2325 10.77 29.6175 40
Ar 24.2325 13.4625 26.925 40
Ar 21.54 10.77 32.31 40
Ar 21.54 13.4625 35.0025 40
Ar 24.2325 10.77 35.0025 40
Ar 24.2325 13.4625 32.31 40
Ar 21.54 16.155 0 40
Ar 21.54 18.8475 2.6925 40
Ar 24.2325 16.155 2.6925 40
Ar 24.2325 18.8475 0 40
Ar 21.54 16.155 5.385 40
Ar 21.54 18.8475 8.0775 40
Ar 24.2325 16.155 8.0775 40
Ar 24.2325 18.8475 5.385 40
Ar 21.54 16.155 10.77 40
Ar 21.54 18.8475 13.4625 40
Ar 24.2325 16.155 13.4625 40
Ar 24.2325 18.8475 10.77 40
Ar 21.54 16.155 16.155 40
Ar 21.54 18.8475 18.8475 40
Ar 24.2325 16.155 18.8475 40
Ar 24.2325 18.8475 16.155 40
Ar 21.54 16.155 21.54 40
Ar 21.54 18.8475 24.2325 40
Ar 24.2325 16.155 24.2325 40
Ar 24.2325 18.8475 21.54 40
Ar 21.54 16.155 26.925 40
Ar 21.54 18.8475 29.6175 40
Ar 24.2325 16.155 29.6175 40
Ar 24.2325 18.8475 26.925 40
Ar 21.54 16.155 32.31 40
Ar 21.54 18.8475 35.0025 40
Ar 24.2325 16.155 35.0025 40
Ar 24.2325 18.8475 32.31 40
Ar 21.54 21.54 0 40
Ar 21.54 24.2325 2.6925 40
Ar 24.2325 21.54 2.6925 40
Ar 24.2325 24.2325 0 40
Ar 21.54 21.54 5.385 40
Ar 21.54 24.2325 8.0775 40
Ar 24.2325 21.54 8.0775 40
Ar 24.2325 24.2325 5.385 40
Ar 21.54 21.54 10.77 40
Ar 21.54 24.2325 13.4625 40
Ar 24.2325 21.54 13.4625 40
Ar 24.2325 24.2325 10.77 40
Ar 21.54 21.54 16.155 40
Ar 21.54 24.2325 18.8475 40
Ar 24.2325 21.54 18.8475 40
Ar 24.2325 24.2325 16.155 40
Ar 21.54 21.54 21.54 40
Ar 21.54 24.2325 24.2325 40
Ar 24.2325 21.54 24.2325 40
Ar 24.2325 24.2325 21.54 40
Ar 21.54 21.54 26.925 40
Ar 21.54 24.2325 29.6175 40
Ar 24.2325 21.54 29.6175 40
Ar 24.2325 24.2325 26.925 40
Ar 21.54 21.54 32.31 40
Ar 21.54 24.2325 35.0025 40
Ar 24.2325 21.54 35.0025 40
Ar 24.2325 24.2325 32.31 40
Ar 21.54 26.925 0 40
Ar 21.54 29.6175 2.6925 40
Ar 24.2325 26.925 2.6925 40
Ar 24.2325 29.6175 0 40
Ar 21.54 26.925 5.385 40
Ar 21.54 29.6175 8.0775 40
Ar 24.2325 26.925 8.0775 40
Ar 24.2325 29.6175 5.385 40
Ar 21.54 26.925 10.77 40
Ar 21.54 29.6175 13.4625 40
Ar 24.2325 26.925 13.4625 40
Ar 24.2325 29.6175 10.77 40
Ar 21.54 26.925 16.155 40
Ar 21.54 29.6175 18.8475 40
Ar 24.2325 26.925 18.8475 40
Ar 24.2325 29.6175 16.155 40
Ar 21.54 26.925 21.54 40
Ar 21.54 29.6175 24.2325 40
Ar 24.2325 26.925 24.2325 40
Ar 24.2325 29.6175 21.54 40
Ar 21.54 26.925 26.925 40
Ar 21.54 29.6175 29.6175 40
Ar 24.2325 26.925 29.6175 40
Ar 24.2325 29.6175 26.925 40
Ar 21.54 26.925 32.31 40
Ar 21.54 29.6175 35.0025 40
Ar 24.2325 26.925 35.0025 40
Ar 24.2325 29.6175 32.31 40
Ar 21.54 32.31 0 40
Ar 21.54 35.0025 2.6925 40
Ar 24.2325 32.31 2.6925 40
Ar 24.2325 35.0025 0 40
Ar 21.54 32.31 5.385 40
Ar 21.54 35.0025 8.0775 40
Ar 24.2325 32.31 8.0775 40
Ar 24.2325 35.0025 5.385 40
Ar 21.54 32.31 10.77 40
Ar 21.54 35.0025 13.4625 40
Ar 24.2325 32.31 13.4625 40
Ar 24.2325 35.0025 10.77 40
Ar 21.54 32.31 16.155 40
Ar 21.54 35.0025 18.8475 40
Ar 24.2325 32.31 18.8475 40
Ar 24.2325 35.0025 16.155 40
Ar 21.54 32.31 21.54 40
Ar 21.54 35.0025 24.2325 40
Ar 24.2325 32.31 24.2325 40
Ar 24.2325 35.0025 21.54 40
Ar 21.54 32.31 26.925 40
Ar 21.54 35.0025 29.6175 40
Ar 24.2325 32.31 29.6175 40
Ar 24.2325 35.0025 26.925 40
Ar 21.54 32.31 32.31 40
Ar 21.54 35.0025 35.0025 40
Ar 24.2325 32.31 35.0025 40
Ar 24.2325 35.0025 32.31 40
Ar 26.925 0 0 40
Ar 26.925 2.6925 2.6925 40
Ar 29.6175 0 2.6925 40
Ar 29.6175 2.6925 0 40
Ar 26.925 0 5.385 40
Ar 26.925 2.6925 8.0775 40
Ar 29.6175 0 8.0775 40
Ar 29.6175 2.6925 5.385 40
Ar 26.925 0 10.77 40
Ar 26.925 2.6925 13.4625 40
Ar 29.6175 0 13.4625 40
Ar 29.6175 2.6925 10.77 40
Ar 26.925 0 16.155 40
Ar 26.925 2.6925 18.8475 40
Ar 29.6175 0 18.8475 40
Ar 29.6175 2.6925 16.155 40
Ar 26.925 0 21.54 40
Ar 26.925 2.6925 24.2325 40
Ar 29.6175 0 24.2325 40
Ar 29.6175 2.6925 21.54 40
Ar 26.925 0 26.925 40
Ar 26.925 2.6925 29.6175 40
Ar 29.6175 0 29.6175 40
Ar 29.6175 2.6925 26.925 40
Ar 26.925 0 32.31 40
Ar 26.925 2.6925 35.0025 40
Ar 29.6175 0 35.0025 40
Ar 29.6175 2.6925 32.31 40
Ar 26.925 5.385 0 40
Ar 26.925 8.0775 2.6925 40
Ar 29.6175 5.385 2.6925 40
Ar 29.6175 8.0775 0 40
Ar 26.925 5.385 5.385 40
Ar 26.925 8.0775 8.0775 40
Ar 29.6175 5.385 8.0775 40
Ar 29.6175 8.0775 5.385 40
Ar 26.925 5.385 10.77 40
Ar 26.925 8.0775 13.4625 40
Ar 29.6175 5.385 13.4625 40
Ar 29.6175 8.0775 10.77 40
Ar 26.925 5.385 16.155 40
Ar 26.925 8.0775 18.8475 40
Ar 29.6175 5.385 18.8475 40
Ar 29.6175 8.0775 16.155 40
Ar 26.925 5.385 21.54 40
Ar 26.925 8.0775 24.2325 40
Ar 29.6175 5.385 24.2325 40
Ar 29.6175 8.0775 21.54 40
Ar 26.925 5.385 26.925 40
Ar 26.925 8.0775 29.6175 40
Ar 29.6175 5.385 29.6175 40
Ar 29.6175 8.0775 26.925 40
Ar 26.925 5.385 32.31 40
Ar 26.925 8.0775 35.0025 40
Ar 29.6175 5.385 35.0025 40
Ar 29.6175 8.0775 32.31 40
Ar 26.925 10.77 0 40
Ar 26.925 13.4625 2.6925 40
Ar 29.6175 10.77 2.6925 40
Ar 29.6175 13.4625 0 40
Ar 26.925 10.77 5.385 40
Ar 26.925 13.4625 8.0775 40
Ar 29.6175 10.77 8.0775 40
Ar 29.6175 13.4625 5.385 40
Ar 26.925 10.77 10.77 40
Ar 26.925 13.4625 13.4625 40
Ar 29.6175 10.77 13.4625 40
Ar 29.6175 13.4625 10.77 40
Ar 26.925 10.77 16.155 40
Ar 26.925 13.4625 18.8475 40
Ar 29.6175 10.77 18.8475 40
Ar 29.6175 13.4625 16.155 40
Ar 26.925 10.77 21.54 40
Ar 26.925 13.4625 24.2325 40
Ar 29.6175 10.77 24.2325 40
Ar 29.6175 13.4625 21.54 40
Ar 26.925 10.77 26.925 40
Ar 26.925 13.4625 29.6175 40
Ar 29.6175 10.77 29.6175 40
Ar 29.6175 13.4625 26.925 40
Ar 26.925 10.77 32.31 40
Ar 26.925 13.4625 35.0025 40
Ar 29.6175 10.77 35.0025 40
Ar 29.6175 13.4625 32.31 40
Ar 26.925 16.155 0 40
Ar 26.925 18.8475 2.6925 40
Ar 29.6175 16.155 2.6925 40
Ar 29.6175 18.8475 0 40
Ar 26.925 16.155 5.385 40
Ar 26.925 18.8475 8.0775 40
Ar 29.6175 16.155 8.0775 40
Ar 29.6175 18.8475 5.385 40
Ar 26.925 16.155 10.77 40
Ar 26.925 18.8475 13.4625 40
Ar 29.6175 16.155 13.4625 40
Ar 29.6175 18.8475 10.77 40
Ar 26.925 16.155 16.155 40
Ar 26.925 18.8475 18.8475 40
Ar 29.6175 16.155 18.8475 40
Ar 29.6175 18.8475 16.155 40
Ar 26.925 16.155 21.54 40
Ar 26.925 18.8475 24.2325 40
Ar 29.6175 16.155 24.2325 40
Ar 29.6175 18.8475 21.54 40
Ar 26.925 16.155 26.925 40
Ar 26.925 18.8475 29.6175 40
Ar 29.6175 16.155 29.6175 40
Ar 29.6175 18.8475 26.925 40
Ar 26.925 16.155 32.31 40
Ar 26.925 18.8475 35.0025 40
Ar 29.6175 16.155 35.0025 40
Ar 29.6175 18.8475 32.31 40
Ar 26.925 21.54 0 40
Ar 26.925 24.2325 2.6925 40
Ar 29.6175 21.54 2.6925 40
Ar 29.6175 24.2325 0 40
Ar 26.925 21.54 5.385 40
Ar 26.925 24.2325 8.0775 40
Ar 29.6175 21.54 8.0775 40
Ar 29.6175 24.2325 5.385 40
Ar 26.925 21.54 10.77 40
Ar 26.925 24.2325 13.4625 40
Ar 29.6175 21.54 13.4625 40
Ar 29.6175 24.2325 10.77 40
Ar 26.925 21.54 16.155 40
Ar 26.925 24.2325 18.8475 40
Ar 29.6175 21.54 18.8475 40
Ar 29.6175 24.2325 16.155 40
Ar 26.925 21.54 21.54 40
Ar 26.925 24.2325 24.2325 40
Ar 29.6175 21.54 24.2325 40
Ar 29.6175 24.2325 21.54 40
Ar 26.925 21.54 26.925 40
Ar 26.925 24.2325 29.6175 40
Ar 29.6175 21.54 29.6175 40
Ar 29.6175 24.2325 26.925 40
Ar 26.925 21.54 32.31 40
Ar 26.925 24.2325 35.0025 40
Ar 29.6175 21.54 35.0025 40
Ar 29.6175 24.2325 32.31 40
Ar 26.925 26.925 0 40
Ar 26.925 29.6175 2.6925 40
Ar 29.6175 26.925 2.6925 40
Ar 29.6175 29.6175 0 40
Ar 26.925 26.925 5.385 40
Ar 26.925 29.6175 8.0775 40
Ar 29.6175 26.925 8.0775 40
Ar 29.6175 29.6175 5.385 40
Ar 26.925 26.925 10.77 40
Ar 26.925 29.6175 13.4625 40
Ar 29.6175 26.925 13.4625 40
Ar 29.6175 29.6175 10.77 40
Ar 26.925 26.925 16.155 40
Ar 26.925 29.6175 18.8475 40
Ar 29.6175 26.925 18.8475 40
Ar 29.6175 29.6175 16.155 40
Ar 26.925 26.925 21.54 40
Ar 26.925 29.6175 24.2325 40
Ar 29.6175 26.925 24.2325 40
Ar 29.6175 29.6175 21.54 40
Ar 26.925 26.925 26.925 40
Ar 26.925 29.6175 29.6175 40
Ar 29.6175 26.925 29.6175 40
Ar 29.6175 29.6175 26.925 40
Ar 26.925 26.925 32.31 40
Ar 26.925 29.6175 35.0025 40
Ar 29.6175 26.925 35.0025 40
Ar 29.6175 29.6175 32.31 40
Ar 26.925 32.31 0 40
Ar 26.925 35.0025 2.6925 40
Ar 29.6175 32.31 2.6925 40
Ar 29.6175 35.0025 0 40
Ar 26.925 32.31 5.385 40
Ar 26.925 35.0025 8.0775 40
Ar 29.6175 32.31 8.0775 40
Ar 29.6175 35.0025 5.385 40
Ar 26.925 32.31 10.77 40
Ar 26.925 35.0025 13.4625 40
Ar 29.6175 32.31 13.4625 40
Ar 29.6175 35.0025 10.77 40
Ar 26.925 32.31 16.155 40
Ar 26.925 35.0025 18.8475 40
Ar 29.6175 32.31 18.8475 40
Ar 29.6175 35.0025 16.155 40
Ar 26.925 32.31 21.54 40
Ar 26.925 35.0025 24.2325 40
Ar 29.6175 32.31 24.2325 40
Ar 29.6175 35.0025 21.54 40
Ar 26.925 32.31 26.925 40
Ar 26.925 35.0025 29.6175 40
Ar 29.6175 32.31 29.6175 40
Ar 29.6175 35.0025 26.925 40
Ar 26.925 32.31 32.31 40
Ar 26.925 35.0025 35.0025 40
Ar 29.6175 32.31 35.0025 40
Ar 29.6175 35.0025 32.31 40
Ar 32.31 0 0 40
Ar 32.31 2.6925 2.6925 40
Ar 35.0025 0 2.6925 40
Ar 35.0025 2.6925 0 40
Ar 32.31 0 5.385 40
Ar 32.31 2.6925 8.0775 40
Ar 35.0025 0 8.0775 40
Ar 35.0025 2.6925 5.385 40
Ar 32.31 0 10.77 40
Ar 32.31 2.6925 13.4625 40
Ar 35.0025 0 13.4625 40
Ar 35.0025 2.6925 10.77 40
Ar 32.31 0 16.155 40
Ar 32.31 2.6925 18.8475 40
Ar 35.0025 0 18.8475 40
Ar 35.0025 2.6925 16.155 40
Ar 32.31 0 21.54 40
Ar 32.31 2.6925 24.2325 40
Ar 35.0025 0 24.2325 40
Ar 35.0025 2.6925 21.54 40
Ar 32.31 0 26.925 40
Ar 32.31 2.6925 29.6175 40
Ar 35.0025 0 29.6175 40
Ar 35.0025 2.6925 26.925 40
Ar 32.31 0 32.31 40
Ar 32.31 2.6925 35.0025 40
Ar 35.0025 0 35.0025 40
Ar 35.0025 2.6925 32.31 40
Ar 32.31 5.385 0 40
Ar 32.31 8.0775 2.6925 40
Ar 35.0025 5.385 2.6925 40
Ar 35.0025 8.0775 0 40
Ar 32.31 5.385 5.385 40
Ar 32.31 8.0775 8.0775 40
Ar 35.0025 5.385 8.0775 40
Ar 35.0025 8.0775 5.385 40
Ar 32.31 5.385 10.77 40
Ar 32.31 8.0775 13.4625 40
Ar 35.0025 5.385 13.4625 40
Ar 35.0025 8.0775 10.77 40
Ar 32.31 5.385 16.155 40
Ar 32.31 8.0775 18.8475 40
Ar 35.0025 5.385 18.8475 40
Ar 35.0025 8.0775 16.155 40
Ar 32.31 5.385 21.54 40
Ar 32.31 8.0775 24.2325 40
Ar 35.0025 5.385 24.2325 40
Ar 35.0025 8.0775 21.54 40
Ar 32.31 5.385 26.925 40
Ar 32.31 8.0775 29.6175 40
Ar 35.0025 5.385 29.6175 40
Ar 35.0025 8.0775 26.925 40
Ar 32.31 5.385 32.31 40
Ar 32.31 8.0775 35.0025 40
Ar 35.0025 5.385 35.0025 40
Ar 35.0025 8.0775 32.31 40
Ar 32.31 10.77 0 40
Ar 32.31 13.4625 2.6925 40
Ar 35.0025 10.77 2.6925 40
Ar 35.0025 13.4625 0 40
Ar 32.31 10.77 5.385 40
Ar 32.31 13.4625 8.0775 40
Ar 35.0025 10.77 8.0775 40
Ar 35.0025 13.4625 5.385 40
Ar 32.31 10.77 10.77 40
Ar 32.31 13.4625 13.4625 40
Ar 35.0025 10.77 13.4625 40
Ar 35.0025 13.4625 10.77 40
Ar 32.31 10.77 16.155 40
Ar 32.31 13.4625 18.8475 40
Ar 35.0025 10.77 18.8475 40
Ar 35.0025 13.4625 16.155 40
Ar 32.31 10.77 21.54 40
Ar 32.31 13.4625 24.2325 40
Ar 35.0025 10.77 24.2325 40
Ar 35.0025 13.4625 21.54 40
Ar 32.31 10.77 26.925 40
Ar 32.31 13.4625 29.6175 40
Ar 35.0025 10.77 29.6175 40
Ar 35.0025 13.4625 26.925 40
Ar 32.31 10.77 32.31 40
Ar 32.31 13.4625 35.0025 40
Ar 35.0025 10.77 35.0025 40
Ar 35.0025 13.4625 32.31 40
Ar 32.31 16.155 0 40
Ar 32.31 18.8475 2.6925 40
Ar 35.0025 16.155 2.6925 40
Ar 35.0025 18.8475 0 40
Ar 32.31 16.155 5.385 40
Ar 32.31 18.8475 8.0775 40
Ar 35.0025 16.155 8.0775 40
Ar 35.0025 18.8475 5.385 40
Ar 32.31 16.155 10.77 40
Ar 32.31 18.8475 13.4625 40
Ar 35.0025 16.155 13.4625 40
Ar 35.0025 18.8475 10.77 40
Ar 32.31 16.155 16.155 40
Ar 32.31 18.8475 18.8475 40
Ar 35.0025 16.155 18.8475 40
Ar 35.0025 18.8475 16.155 40
Ar 32.31 16.155 21.54 40
Ar 32.31 18.8475 24.2325 40
Ar 35.0025 16.155 24.2325 40
Ar 35.0025 18.8475 21.54 40
Ar 32.31 16.155 26.925 40
Ar 32.31 18.8475 29.6175 40
Ar 35.0025 16.155 29.6175 40
Ar 35.0025 18.8475 26.925 40
Ar 32.31 16.155 32.31 40
Ar 32.31 18.8475 35.0025 40
Ar 35.0025 16.155 35.0025 40
Ar 35.0025 18.8475 32.31 40
Ar 32.31 21.54 0 40
Ar 32.31 24.2325 2.6925 40
Ar 35.0025 21.54 2.6925 40
Ar 35.0025 24.2325 0 40
Ar 32.31 21.54 5.385 40
Ar 32.31 24.2325 8.0775 40
Ar 35.0025 21.54 8.0775 40
Ar 35.0025 24.2325 5.385 40
Ar 32.31 21.54 10.77 40
Ar 32.31 24.2325 13.4625 40
Ar 35.0025 21.54 13.4625 40
Ar 35.0025 24.2325 10.77 40
Ar 32.31 21.54 16.155 40
Ar 32.31 24.2325 18.8475 40
Ar 35.0025 21.54 18.8475 40
Ar 35.0025 24.2325 16.155 40
Ar 32.31 21.54 21.54 40
Ar 32.31 24.2325 24.2325 40
Ar 35.0025 21.54 24.2325 40
Ar 35.0025 24.2325 21.54 40
Ar 32.31 21.54 26.925 40
Ar 32.31 24.2325 29.6175 40
Ar 35.0025 21.54 29.6175 40
Ar 35.0025 24.2325 26.925 40
Ar 32.31 21.54 32.31 40
Ar 32.31 24.2325 35.0025 40
Ar 35.0025 21.54 35.0025 40
Ar 35.0025 24.2325 32.31 40
Ar 32.31 26.925 0 40
Ar 32.31 29.6175 2.6925 40
Ar 35.0025 26.925 2.6925 40
Ar 35.0025 29.6175 0 40
Ar 32.31 26.925 5.385 40
Ar 32.31 29.6175 8.0775 40
Ar 35.0025 26.925 8.0775 40
Ar 35.0025 29.6175 5.385 40
Ar 32.31 26.925 10.77 40
Ar 32.31 29.6175 13.4625 40
Ar 35.0025 26.925 13.4625 40
Ar 35.0025 29.6175 10.77 40
Ar 32.31 26.925 16.155 40
Ar 32.31 29.6175 18.8475 40
Ar 35.0025 26.925 18.8475 40
Ar 35.0025 29.6175 16.155 40
Ar 32.31 26.925 21.54 40
Ar 32.31 29.6175 24.2325 40
Ar 35.0025 26.925 24.2325 40
Ar 35.0025 29.6175 21.54 40
Ar 32.31 26.925 26.925 40
Ar 32.31 29.6175 29.6175 40
Ar 35.0025 26.925 29.6175 40
Ar 35.0025 29.6175 26.925 40
Ar 32.31 26.925 32.31 40
Ar 32.31 29.6175 35.0025 40
Ar 35.0025 26.925 35.0025 40
Ar 35.0025 29.6175 32.31 40
Ar 32.31 32.31 0 40
Ar 32.31 35.0025 2.6925 40
Ar 35.0025 32.31 2.6925 40
Ar 35.0025 35.0025 0 40
Ar 32.31 32.31 5.385 40
Ar 32.31 35.0025 8.0775 40
Ar 35.0025 32.31 8.0775 40
Ar 35.0025 35.0025 5.385 40
Ar 32.31 32.31 10.77 40
Ar 32.31 35.0025 13.4625 40
Ar 35.0025 32.31 13.4625 40
Ar 35.0025 35.0025 10.77 40
Ar 32.31 32.31 16.155 40
Ar 32.31 35.0025 18.8475 40
Ar 35.0025 32.31 18.8475 40
Ar 35.0025 35.0025 16.155 40
Ar 32.31 32.31 21.54 40
Ar 32.31 35.0025 24.2325 40
Ar 35.0025 32.31 24.2325 40
Ar 35.0025 35.0025 21.54 40
Ar 32.31 32.31 26.925 40
Ar 32.31 35.0025 29.6175 40
Ar 35.0025 32.31 29.6175 40
Ar 35.0025 35.0025 26.925 40
Ar 32.31 32.31 32.31 40
Ar 32.31 35.0025 35.0025 40
Ar 35.0025 32.31 35.0025 40
Ar 35.0025 35.0025 32.31 40
