1.9827746448580208 -21.2124014123918130
0.9913056113790240 -20.3567160582775486
0.9247217450203248 -20.2923698185033174
1.0285299640299803 -20.3929998137725121
1.0280859428770328 -20.3921452327043227
1.1089189184158825 -20.4700582923284315
0.9998480022389896 -20.3653430541979716
0.9669892125732990 -20.3311303883627552
0.9522781015366732 -20.3174664300219163
0.9521122040939273 -20.3170974204653376
1.0578968563387006 -20.4206025621156364
0.9960346850227234 -20.3607024862809354
0.9976506485342820 -20.3623085944976729
1.0517951930332667 -20.4140535061560406
0.9793798157575856 -20.3442057144543504
1.0203749992361222 -20.3852255725900804
1.0432458551774773 -20.4071959669897325
1.0183909667065387 -20.3823573057217224
1.0397930787842822 -20.4033747772074996
0.9896061984978758 -20.3549328728707977
1.0188373907159327 -20.3807481992983703
1.0611374361651928 -20.4280148345837773
1.0008656553536468 -20.3659794237657579
1.0120956511748047 -20.3774699142853919
1.0042929194691019 -20.3703934702011935
1.0721755222230331 -20.4347449291095487
0.9748596338104214 -20.3446630798630039
0.9430287024391789 -20.3097251651535267
0.9706561735377556 -20.3376301828084216
0.9207271101410962 -20.2899022855131435
1.0014992771910463 -20.3662183912710084
1.0145691509961243 -20.3808960464234481
0.9456294130201301 -20.3127801373771746
0.9369606306061513 -20.3021079996430274
1.0186264050765885 -20.3824035020712166
1.0518244130882102 -20.4150890007428814
1.0360386192070763 -20.3992755558403935
1.0126406821596443 -20.3770357671193594
1.0438933856216404 -20.4057335505868984
0.9631395713724851 -20.3317695845769926
0.9993542388631356 -20.3665355344028569
1.0407554644924975 -20.4039327377382129
1.0557929281301963 -20.4189755329394842
1.0073523114704170 -20.3732710175708220
0.9524210926126233 -20.3174892832389702
0.9981951955027618 -20.3610977864600038
1.0335866650271168 -20.3997927061714890
1.0273985971074613 -20.3929712434626218
1.0055930709207781 -20.3717969419954628
0.9988095566649614 -20.3652727412464856
1.0393863295529289 -20.4041183834865762
1.0104555483335076 -20.3737616042743568
0.9743099388174733 -20.3400441401883221
0.9648250221385009 -20.3282089492201052
1.0049578466693396 -20.3712162288456859
1.0570442606652550 -20.4188370107270067
1.0089514837831082 -20.3758108004892584
0.9578304193338910 -20.3240253618168794
1.0374749669125671 -20.4060959130127415
1.0326835284429234 -20.4006026670663339
1.0437447413902088 -20.4091441475055504
0.9955309940384746 -20.3611215851352902
1.0182544460419647 -20.3835649041323386
1.0082129834494937 -20.3718969664412128
0.9739732773889355 -20.3391978795419810
1.0433088072048948 -20.4066903205127872
1.0344044405766541 -20.3953883498506343
1.0206680540529873 -20.3831772106530700
0.9614199861525827 -20.3240969636739131
1.0328573124830331 -20.3962825583163827
1.0275133019697826 -20.3926123827602837
1.0158764717836035 -20.3840546967779659
1.0366196470881135 -20.4002504468913948
1.0455347317502779 -20.4129757943172585
1.0369010708507922 -20.4020371827342082
1.0472521105439911 -20.4130150870945322
0.9702465229790074 -20.3361014329698335
0.9674557278669145 -20.3331193424329193
1.0254695587793272 -20.3880252944345770
1.0691001962366626 -20.4338538202871760
1.0504840400835807 -20.4122769569751057
1.0093457712046572 -20.3771035632438924
1.0115410808427696 -20.3743598897204166
1.0473849141447769 -20.4093196372063872
1.0725278519879158 -20.4378895095583850
1.0145634481337475 -20.3801934054043343
1.0370914557766260 -20.4033498905047317
0.9393074304220622 -20.3070554072376908
1.0069022776615573 -20.3706887556852827
1.0680933940618538 -20.4321519588084186
1.0254073725844346 -20.3905535596198497
1.0246280032443644 -20.3910011203379433
1.0055915873119978 -20.3739866321564662
1.0631837104364881 -20.4224301796802408
0.9521553769997122 -20.3187584299346398
1.0497995743909154 -20.4146962690913156
0.9876829284776059 -20.3557898086775104
1.0672078662701436 -20.4299512769052072
1.0352069902827108 -20.4008107979006255
0.9947496885964947 -20.3613365765350842
1.0142101025877628 -20.3824659058185347
1.0164385117244983 -20.3789900177115797
1.0610555317447399 -20.4268824545087071
1.0165360048786898 -20.3793942563693626
0.9979324023084299 -20.3674968347413206
1.0316897522124191 -20.3997707670706738
1.0213385339885095 -20.3883682854197339
0.9661382749238554 -20.3335325313012127
1.0115168562607757 -20.3763003469254009
0.9151974740274099 -20.2869334483321353
1.0186922716484577 -20.3833949541467554
1.0056643240628216 -20.3702965761193973
1.0553944871045542 -20.4180005819242183
1.0101304494922192 -20.3784500477513895
1.0153154257994872 -20.3775566165964044
0.9973408796135217 -20.3602836896765353
1.0644245435612234 -20.4289329620855966
1.0062435363782514 -20.3714930525577920
1.0690018985201439 -20.4312797820535721
1.0427125480832276 -20.4045772282059730
1.0184435364181905 -20.3838951086247562
1.0371276838111854 -20.4004559006569117
1.0359044814202616 -20.4025822634945051
1.0598013650970173 -20.4258531962154670
1.0324727952027171 -20.3978594754396809
1.0238600141430276 -20.3891693537039522
1.0289624619690305 -20.3923590522888603
0.9991443271001638 -20.3651079578188892
0.9925595513851939 -20.3596003554862435
1.0396848146736661 -20.4037839174165931
1.0417873864349867 -20.4089805422251374
0.9608405649301194 -20.3280643635558569
1.0408000739175431 -20.4050646286770601
1.0132966969426196 -20.3788766718347247
0.9850692674519819 -20.3488233727025047
1.0076244714394496 -20.3732632001620431
1.0116683589430728 -20.3734426524591932
1.0306999848994165 -20.3957659722587188
1.0545516145304630 -20.4182761798593262
0.9831675292791535 -20.3498456428603909
1.0391112904254987 -20.4064403397060339
0.9862078628537408 -20.3535786511513095
1.0002519275259250 -20.3647337435046545
1.0299963256962812 -20.3960613269392503
1.0656885461209664 -20.4312639840530998
0.9766375389073293 -20.3431194106511377
1.0601391666173730 -20.4268370153713654
1.0126353861972843 -20.3780437629252376
0.9747026690552058 -20.3435145848635699
1.0420335531486482 -20.4112985349280791
1.0215788348852297 -20.3875603145328022
1.0768786252355544 -20.4392779655815637
1.0106602674218004 -20.3749014519649627
0.9665810814353877 -20.3340088609846070
1.0792008939790498 -20.4364569483650520
1.0426301783846534 -20.4055158999918582
1.0236355579291807 -20.3892677913427178
0.9914671242078813 -20.3568029608540755
1.0347372986837338 -20.3986695353011172
1.0701772088758068 -20.4348680797545690
1.0000729082684352 -20.3615197032271986
0.9984135626554338 -20.3641791611852945
1.0180872757103756 -20.3837208470816869
1.0181677322070377 -20.3847667133993760
1.0354923991193492 -20.4020922969140663
1.0621073764218552 -20.4253711050058655
0.9895080293386898 -20.3544766023910135
1.0238177028959514 -20.3892433444547549
1.0723993857358889 -20.4346980542768435
1.0655498496780835 -20.4246674257275664
1.0065661269511224 -20.3692772993451356
1.0216983798794856 -20.3846187066661457
1.0204448403002313 -20.3820004743936991
1.0558067208253996 -20.4186678313216490
1.0864291922250529 -20.4491833896523083
1.0138546414546130 -20.3785403439393953
1.0426796360830390 -20.4092941050187129
1.0164284391696334 -20.3839149744531838
1.0179104391582865 -20.3829618068157572
0.9788341160736405 -20.3464402169998770
1.0410996225495344 -20.4050485517803288
1.0601894346521572 -20.4250223418195738
0.9987660659324104 -20.3616730112474009
0.9641622906140785 -20.3310522642583464
1.0315846744650849 -20.3962529521439997
1.0630334238135870 -20.4269987498563061
0.9953081300011851 -20.3618886631926017
0.9960503323428991 -20.3604856579515996
1.0465746321115392 -20.4101371302709644
0.9936410222805837 -20.3573028787884276
1.0222749061358687 -20.3864222773629038
1.0292539411081654 -20.3958794350215911
1.0165003910866419 -20.3809499542534560
1.0444632323037260 -20.4084035562685990
1.0108591210142988 -20.3782545181500296
1.0130774902122872 -20.3776334618614463
1.0179818497851583 -20.3788734472956996
0.9989796052069770 -20.3630752472660248
1.0347018724698884 -20.3970293928385793
1.0148899746865379 -20.3791940589948446
