6.6924753071778449 -71.2555586776437622
3.4901511608205582 -68.0569872423925801
3.3272970950499530 -67.8992748721325938
3.4416104329567476 -68.0104516201996745
3.3431642955110492 -67.9133259954014505
3.3745794503291959 -67.9433832956093795
3.3558983358398247 -67.9270792657012095
3.3619859270237051 -67.9320923905317500
3.4425665500982943 -68.0138658042863682
3.3653538990003296 -67.9337398339213081
3.5042424750411811 -68.0727670426957161
3.4520698552451443 -68.0235067437193806
3.3628459223403584 -67.9322017655120902
3.3576544582450993 -67.9298837402507019
3.5388106637324892 -68.1082433872192894
3.5235845102218728 -68.0944469974739519
3.4214243469874539 -67.9931267762927121
3.4309240567411710 -67.9994573083404958
3.4362619884654859 -68.0081789353613431
3.4875830360529676 -68.0562663915684851
3.3718506911796120 -67.9386717763464958
3.2657475104727780 -67.8351727683678405
3.4564206976272609 -68.0265417302263273
3.3975495259012445 -67.9649952774908002
3.4881753894914853 -68.0568524814582503
3.4684458919391625 -68.0368588781102233
3.3615942569760828 -67.9320170102160859
3.4923984388351892 -68.0598661901132402
3.4181926113276893 -67.9867949634015503
3.4655851118443932 -68.0350501368769187
3.3936764792173477 -67.9631293379517416
3.3001322904980173 -67.8689439698825794
3.3942689086458508 -67.9625461132578721
3.4026789021386357 -67.9731375180095654
3.5099836718113617 -68.0793850838497576
3.4429482517635641 -68.0111158494772639
3.4100424782078234 -67.9807218059494005
3.3131208445393594 -67.8856042378406102
3.4380691726388517 -68.0096137763926265
3.3176970261207441 -67.8853095582947645
3.4363776074544896 -68.0072010329399461
3.3665315115548538 -67.9361165909736116
3.3415977392650604 -67.9110294091636604
3.4934148992154603 -68.0647389387806072
3.5728447143933901 -68.1447709028918212
3.4153368102193120 -67.9830115377600208
3.5438220880950930 -68.1143508663310655
3.3434704199127241 -67.9139084809694538
3.4630515182480015 -68.0315957897169312
3.4252355590343795 -67.9971135869397756
3.4028405713229217 -67.9764292735310107
3.3948346704556664 -67.9642291766650999
3.3794323863730158 -67.9506095733485012
3.4305905789486557 -67.9987253488856567
3.4324351573307506 -67.9986395439866556
3.4488747485308298 -68.0177122882791849
3.4258111276148560 -67.9943367604736295
3.3668463776649165 -67.9368407617274812
3.4772344253507805 -68.0457336415229719
3.4841376029423401 -68.0556955732547664
3.3742804159579114 -67.9437097897065883
3.3558949467852570 -67.9267354708103994
3.4190604039471952 -67.9839154578697560
3.3336532371789169 -67.9015182144714515
3.4215488259023901 -67.9899438597774832
3.5183285194888199 -68.0901521042871138
3.3534025592195684 -67.9205903769487236
3.4841799725369285 -68.0534855056413335
3.4345538244797877 -68.0042845196551724
3.4194879771377003 -67.9875565662156163
3.3590759456380654 -67.9280958996689748
3.4028214174685378 -67.9731737095370079
3.4564885243809966 -68.0265945638295335
3.4032345313713677 -67.9716543286166939
3.3547383446005727 -67.9257412465005785
3.5131405664668138 -68.0811123302534185
3.4391144198084636 -68.0061185008782587
3.3738608090600630 -67.9432069689223539
3.4973693375199812 -68.0673365084467150
3.4262141324011401 -67.9939863679100966
3.4332387888421416 -68.0012534197050513
3.3778540576912492 -67.9460834045348747
3.3026822923583246 -67.8724568220059723
3.4089175540620924 -67.9782995897064808
3.2726197708379647 -67.8408443355580317
3.4163822822964023 -67.9848901506505001
3.3527678722347498 -67.9221001714648764
3.3056061712784173 -67.8752947893388807
3.3705542087495890 -67.9355262295464115
3.5504424844013034 -68.1199502184959016
3.5514178603282653 -68.1180536026069063
3.4351520180779769 -68.0040262888105644
3.5413829433638324 -68.1081301982451208
3.4666451789287445 -68.0362649645140181
3.3161915431702425 -67.8874937754176528
3.4481797116708433 -68.0209825353281445
3.5045418586665087 -68.0738171242827548
3.4976673835671397 -68.0676517034776509
3.5525906371204430 -68.1223859742147511
3.5471896061145185 -68.1137254085043367
3.5464590738570876 -68.1150490513302174
3.3810320566607754 -67.9489434406431627
3.4217305181592130 -67.9925822308227765
3.3314440469735893 -67.9005493880229380
3.4221656772143176 -67.9930007769127513
3.3828399637006425 -67.9525787940137747
3.6045293824368896 -68.1713780057208538
3.4967103077693471 -68.0641983105230537
3.5053991384304943 -68.0745912365852490
3.4708923095426778 -68.0419422319378242
3.3992165100911480 -67.9674147526697396
3.3398889823100895 -67.9105697858726245
3.4715041328703533 -68.0401612599843730
3.4284069236294736 -67.9959551861026625
3.3816500221811308 -67.9518369972795853
3.4005073196314868 -67.9706213208757504
3.4128882971869339 -67.9834592251641254
3.3377376587829488 -67.9074205265327890
3.4617448604761702 -68.0296551839374928
3.4773662222319577 -68.0458635780120602
3.5096569741846309 -68.0804917603887105
3.3813877275663327 -67.9505719442076952
3.4720311233216394 -68.0412649910500420
3.5250871523072087 -68.0927834107538956
3.4429516171554595 -68.0112123679611358
3.3925007583811251 -67.9639969774129753
3.4612213691531371 -68.0315206251421642
3.5233468354658553 -68.0922362689526040
3.3473032655157016 -67.9147928197721171
3.4382802968313890 -68.0069202382212410
3.4403627725391352 -68.0125702489066839
3.5130195617740818 -68.0848294599863095
3.4706348705358452 -68.0392363480543025
3.4689137061926729 -68.0363252272370005
3.3898356121881554 -67.9577250005708891
3.4092125722237721 -67.9792898496586560
3.2703580918468851 -67.8402024106606802
3.4613370239316610 -68.0317305459263935
3.4213766149029357 -67.9889141664308028
3.4373177066824758 -68.0050814993328601
3.4191666949663815 -67.9894641578673031
3.4590051602290761 -68.0295987658645913
3.4408184154124317 -68.0125527624401087
3.2897942973524099 -67.8573074350979226
3.4738492636493641 -68.0418005014814185
3.3351535073586502 -67.9045665608328193
3.3743776031361779 -67.9459933891260306
3.4192217737265622 -67.9895459908341735
3.4215780232206976 -67.9906588164505763
3.3543132538044791 -67.9239627668190735
3.5001990502643818 -68.0665751771110195
3.4444472192857694 -68.0164255384233059
3.3810647320890030 -67.9492479342315079
3.3736607651483506 -67.9448953155037998
3.2987122661641326 -67.8673928624501599
3.4062915228034325 -67.9768255801755146
3.4801044389080862 -68.0492454691492554
3.3366161290871790 -67.9076110080794848
3.4962272163787578 -68.0617140749439500
3.6079554814014028 -68.1792925390836473
3.4226611961355755 -67.9903211696090892
3.3123238332830005 -67.8840026458637595
3.4221292085423323 -67.9923705517214785
3.4532634021280546 -68.0227900573743938
3.3367123019130558 -67.9034108995119254
3.3964797657994383 -67.9643997970219544
3.4080334660091274 -67.9762877605105160
3.4219016875097976 -67.9924793317954652
3.4052362170956574 -67.9746832711403641
3.4263301794859040 -67.9961720026433625
3.5331778276562917 -68.1018393273722182
3.4097372020986270 -67.9799415440740233
3.4571030488111005 -68.0278337673358493
3.5650490985175818 -68.1332629648123742
3.4629201524916380 -68.0337310347234734
3.4630130125941165 -68.0313043792955767
3.4458535104809727 -68.0158401626221405
3.3884973416785371 -67.9568802963205201
3.3940300371705785 -67.9607249041102079
3.4270797101297097 -67.9966691177130116
3.3764627957558426 -67.9438510489245857
3.3916187634887258 -67.9595125817938168
3.4418159239255619 -68.0106769979370398
3.5218028589812227 -68.0903162673529607
3.4185975791507732 -67.9877998388140270
3.4195026362355669 -67.9853272256929131
3.5804121658134216 -68.1483524106791805
3.4522291529531652 -68.0178128787286767
3.3866457395859255 -67.9565516531313705
3.3423433750029714 -67.9107680226332207
3.4509590757451316 -68.0184833760878576
3.3806474156210600 -67.9489530525920884
3.5344327411436218 -68.1028388954308497
3.4254109599349802 -67.9929092296907953
3.3507019289827542 -67.9158790592368433
3.4049515008660394 -67.9718950398490307
3.3551896333887354 -67.9236530970085255
3.3852098520403238 -67.9527236627270668
3.4084108423335411 -67.9773533445577982
3.5217200984389292 -68.0874966738521437
