6.6924753071778449 -71.2555586776437622
3.4901511608205573 -68.0569872423925801
3.3272970950499556 -67.8992748721325938
3.4416104329567556 -68.0104516201996745
3.3431642955110390 -67.9133259954014363
3.3745794503291835 -67.9433832956093795
3.3558983358398042 -67.9270792657012095
3.3619859270237082 -67.9320923905317784
3.4425665500982929 -68.0138658042863824
3.3653538990003304 -67.9337398339213365
3.5042424750411865 -68.0727670426957587
3.4520698552451496 -68.0235067437194374
3.3628459223402851 -67.9322017655121044
3.3576544582450096 -67.9298837402506877
3.5388106637324124 -68.1082433872192894
3.5235845102218328 -68.0944469974740230
3.4214243469874432 -67.9931267762927689
3.4309240567410670 -67.9994573083404674
3.4362619884654433 -68.0081789353613715
3.4875830360527647 -68.0562663915683572
3.3718506911795032 -67.9386717763464816
3.2657475104728824 -67.8351727683680252
3.4564206976270446 -68.0265417302261994
3.3975495259010335 -67.9649952774907007
3.4881753894912726 -68.0568524814581508
3.4684458919393997 -68.0368588781105643
3.3615942569759198 -67.9320170102160290
3.4923984388349343 -68.0598661901130839
3.4181926113276160 -67.9867949634015645
3.4655851118441126 -68.0350501368767056
3.3936764792170786 -67.9631293379515569
3.3001322904978756 -67.8689439698825083
3.3942689086459077 -67.9625461132580284
3.4026789021384030 -67.9731375180094233
3.5099836718121491 -68.0793850838506529
3.4429482517644230 -68.0111158494782302
3.4100424782077918 -67.9807218059494858
3.3131208445393869 -67.8856042378407665
3.4380691726393287 -68.0096137763932376
3.3176970261213987 -67.8853095582955461
3.4363776074534944 -68.0072010329390650
3.3665315115548764 -67.9361165909737394
3.3415977392654166 -67.9110294091640867
3.4934148992145402 -68.0647389387797404
3.5728447143963034 -68.1447709028947486
3.4153368102191290 -67.9830115377598645
3.5438220880952307 -68.1143508663312076
3.3434704199114469 -67.9139084809681890
3.4630515182471808 -68.0315957897161212
3.4252355590365258 -67.9971135869419214
3.4028405713199072 -67.9764292735279696
3.3948346704519397 -67.9642291766613056
3.3794323863743068 -67.9506095733497375
3.4305905789533027 -67.9987253488902752
3.4324351573330798 -67.9986395439889435
3.4488747485379347 -68.0177122882862335
3.4258111276096486 -67.9943367604683573
3.3668463776665645 -67.9368407617291155
3.4772344253623944 -68.0457336415345679
3.4841376029429822 -68.0556955732554059
3.3742804159725006 -67.9437097897211117
3.3558949467952686 -67.9267354708204181
3.4190604039558217 -67.9839154578783251
3.3336532371704299 -67.9015182144630529
3.4215488259109588 -67.9899438597861376
3.5183285194901170 -68.0901521042884212
3.3534025592208252 -67.9205903769499599
3.4841799725552502 -68.0534855056597507
3.4345538244442411 -68.0042845196197874
3.4194879771303079 -67.9875565662085108
3.3590759456383967 -67.9280958996697706
3.4028214174493652 -67.9731737095185196
3.4564885243361143 -68.0265945637852951
3.4032345313981565 -67.9716543286443908
3.3547383446057779 -67.9257412465068313
3.5131405664718973 -68.0811123302599697
3.4391144198440693 -68.0061185009158606
3.3738608091659898 -67.9432069690304274
3.4973693375326587 -68.0673365084620201
3.4262141325204052 -67.9939863680324095
3.4332387887895295 -68.0012534196553702
3.3778540577389351 -67.9460834045854511
3.3026822923008035 -67.8724568219507205
3.4089175539766496 -67.9782995896237878
3.2726197707673399 -67.8408443354898054
3.4163822821212753 -67.9848901504776677
3.3527678721221013 -67.9221001713545149
3.3056061711883129 -67.8752947892517682
3.3705542086165505 -67.9355262294170359
3.5504424846523377 -68.1199502187498780
3.5514178606607523 -68.1180536029417425
3.4351520183722699 -68.0040262891078413
3.5413829429836827 -68.1081301978681637
3.4666451788458219 -68.0362649644345225
3.3161915431503686 -67.8874937754019498
3.4481797117125983 -68.0209825353747419
3.5045418587647341 -68.0738171243898762
3.4976673824368341 -68.0676517023571392
3.5525906378454271 -68.1223859749490686
3.5471896064051371 -68.1137254088057205
3.5464590736583195 -68.1150490511397066
3.3810320577309274 -67.9489434417212124
3.4217305164552139 -67.9925822291317559
3.3314440463190285 -67.9005493873797121
3.4221656786436716 -67.9930007783575974
3.3828399623226484 -67.9525787926585281
3.6045293829457798 -68.1713780062702881
3.4967103078508086 -68.0641983106470008
3.5053991389240502 -68.0745912371255883
3.4708923098727698 -68.0419422323031569
3.3992165092252677 -67.9674147518315550
3.3398889841368531 -67.9105697877253505
3.4715041354240186 -68.0401612625590957
3.4284069206394765 -67.9959551831605751
3.3816500259133222 -67.9518370010840584
3.4005073259716259 -67.9706213272980193
3.4128882969324579 -67.9834592250108614
3.3377376506379157 -67.9074205184790856
3.4617448598927236 -68.0296551834686056
3.4773662237557597 -68.0458635796878752
3.5096569701457399 -68.0804917565805994
3.3813877368178096 -67.9505719537110764
3.4720311132730624 -68.0412649812895296
3.5250871656377276 -68.0927834244266990
3.4429516194101568 -68.0112123706785354
3.3925007554985473 -67.9639969750782598
3.4612213774955847 -68.0315206340465011
3.5233468552626324 -68.0922362895100406
3.3473032591162557 -67.9147928140996555
3.4382802843954079 -68.0069202266084574
3.4403627847689995 -68.0125702620391763
3.5130195756476792 -68.0848294747214311
3.4706348782546006 -68.0392363565488409
3.4689136810667116 -68.0363252029336394
3.3898356012915105 -67.9577249904471330
3.4092124515624476 -67.9792897296895120
3.2703581967624524 -67.8402025161421705
3.4613370331114952 -68.0317305550752707
3.4213766068450480 -67.9889141582360139
3.4373176245404204 -68.0050814166084052
3.4191666582455520 -67.9894641201234577
3.4590052706052674 -68.0295988748488583
3.4408184020766899 -68.0125527475421450
3.2897941999789442 -67.8573073356063645
3.4738492561384233 -68.0418004919679049
3.3351534556201741 -67.9045665069652387
3.3743777733894129 -67.9459935565264459
3.4192220231798878 -67.9895462381200417
3.4215782409991888 -67.9906590311736352
3.3543127793508467 -67.9239625265221889
3.5001988832853868 -68.0665752413979703
3.4444466601119306 -68.0164252104500093
3.3810640351772885 -67.9492474678740876
3.3736598961574842 -67.9448946767162738
3.2987135048416714 -67.8673948807941514
3.4062909670856811 -67.9768258102028398
3.4801044181751566 -68.0492461255302175
3.3366141927497561 -67.9076097635913385
3.4962265250109938 -68.0617140716148015
3.6079558716290974 -68.1792936270069987
3.4226627079129925 -67.9903223051492489
3.3123237869352908 -67.8840024068122716
3.4221267914862579 -67.9923675294051435
3.4532650168175540 -68.0227903599482886
3.3367109011516822 -67.9034082108760515
3.3964751260638741 -67.9643934761384827
3.4080382052297833 -67.9762914244155780
3.4219013476607594 -67.9924778936819791
3.4052309755917238 -67.9746767941733339
3.4263260219807554 -67.9961666380346372
3.5331880216154512 -68.1018480887180289
3.4097356179822493 -67.9799393468987176
3.4571031080723174 -68.0278332147859288
3.5650397579393975 -68.1332532852136410
3.4629116808033902 -68.0337219305904171
3.4630183137164261 -68.0313091756103887
3.4458429638922627 -68.0158290965427739
3.3885153876698464 -67.9568974895104674
3.3940429479761542 -67.9607373848856753
3.4270706028629165 -67.9966598143592620
3.3764457757995729 -67.9439551389164507
3.3916105122088935 -67.9595030129791269
3.4417950518313627 -68.0106538625335872
3.5217738048782126 -68.0902847932523230
3.4186383099888693 -67.9878383046382169
3.4194839337891647 -67.9853057475122995
3.5803746468471966 -68.1483138237682908
3.4522541571512155 -68.0178361417069652
3.3867006727248663 -67.9566075242112930
3.3424155823512933 -67.9108437519249577
3.4509272147336780 -68.0184589270344873
3.3806804604367264 -67.9491130190959041
3.5343643786539647 -68.1027738079710190
3.4252818513864867 -67.9926614132737797
3.3506080947750196 -67.9157883210949933
3.4049035299943831 -67.9717297251627741
3.3551066642667564 -67.9235699111819713
3.3851633381315631 -67.9526759583088023
3.4084258312319884 -67.9773707438089048
3.5218915316184245 -68.0876712483139812
