1.643946997142914325e-03
1.648403241877022859e-03
1.655828015248880965e-03
1.666214413703516169e-03
1.679569340795900294e-03
1.695882441193575715e-03
1.715153714896543082e-03
1.737369354794859400e-03
1.762532812666009171e-03
1.790630281400050483e-03
1.821658309219497535e-03
1.855606540791893133e-03
1.892471524339750825e-03
1.932236000975642246e-03
1.974893067144596441e-03
2.020435819291641153e-03
2.068850450306833171e-03
2.120126604857715952e-03
2.174257379389317891e-03
2.231232418569181145e-03
2.291034463509877567e-03
2.353656610656435118e-03
2.419091956453883058e-03
2.487323242014791939e-03
2.558347015561675958e-03
2.632152921762078573e-03
2.708730605283541076e-03
2.788073162571094027e-03
2.870173690069764087e-03
2.955025284224580950e-03
3.042624493258057512e-03
3.132967865392710140e-03
3.226048497073565492e-03
3.321869840078110238e-03
3.420428442628857275e-03
3.521731208280779509e-03
3.625774685256391138e-03
3.732569228888148703e-03
3.842121742731024678e-03
3.954442582117475603e-03
4.069542102379958455e-03
4.187430658850931943e-03
4.308128962195308283e-03
4.431657723078003160e-03
4.558041103941418495e-03
4.687286008340524161e-03
4.819413146940233240e-03
4.954498458845234266e-03
5.092545395833013473e-03
5.233550506126084627e-03
5.377631150158962425e-03
5.524787327931646001e-03
5.675029394776595799e-03
5.828495421793239602e-03
5.985126728764320926e-03
6.145068290344240895e-03
6.308364979640313647e-03
6.475027151984996156e-03
6.645196330255206778e-03
6.818855255563515197e-03
6.996148902564321669e-03
7.177125596142430036e-03
7.361871630734982339e-03
7.550497463221519934e-03
7.743020352489478342e-03
7.939599080303193224e-03
8.140309585767361786e-03
8.345248518651574368e-03
8.554495269838011812e-03
8.768212072868498616e-03
8.986454156182812833e-03
9.209376849767809958e-03
9.437073351615601902e-03
9.669671377493168143e-03
9.907329709164849549e-03
1.015007941262801791e-02
1.039814830519673536e-02
1.065163648841808974e-02
1.091067167805904667e-02
1.117542646299390235e-02
1.144599404121476524e-02
1.172254700159592808e-02
1.200521651168185051e-02
1.229417861212430026e-02
1.258956792224522579e-02
1.289152596492154114e-02
1.320021842547256657e-02
1.351582824810503881e-02
1.383852802169325408e-02
1.416838678178692322e-02
1.450564615281005332e-02
1.485044420586206608e-02
1.520293972270731452e-02
1.556333980999493986e-02
1.593171350327465818e-02
1.630830242697047308e-02
1.669324465218181147e-02
1.708674728555781980e-02
1.748887936264821932e-02
1.789984799010214955e-02
1.831986027456875346e-02
1.874901976937260253e-02
1.918749906338799646e-02
1.963543622771436042e-02
2.009300385122596982e-02
2.056037452279712782e-02
2.103765179575239203e-02
2.152500825896607600e-02
2.202254746576272348e-02
2.253040748724178047e-02
2.304879543005238646e-02
2.357781484751911988e-02
2.411750025741683096e-02
2.466809328416952676e-02
2.522966296332692510e-02
2.580227833043873681e-02
2.638611197437925118e-02
2.698119841292331844e-02
2.758764119939552742e-02
2.820561292267015005e-02
2.883507906497233611e-02
2.947617769740151772e-02
3.012897785550740226e-02
3.079344502151514298e-02
3.146975178429901876e-02
3.215793266163387981e-02
3.285791861797003610e-02
3.356977868885718114e-02
3.429361642761989681e-02
3.502936279870846187e-02
3.577698328434802955e-02
3.653654692008829336e-02
3.730798467037955979e-02
3.809129653522183578e-02
3.888641347906536538e-02
3.969337001968505779e-02
4.051199356820658903e-02
4.134228412462997299e-02
4.218413813563063469e-02
4.303748656565885289e-02
4.390222586139006650e-02
4.477821795172483299e-02
4.566529024778889084e-02
4.656371889178106266e-02
4.747250286823050808e-02
4.839236705040921710e-02
4.932286270724404315e-02
5.026333400101271054e-02
5.121440225166264126e-02
5.217534258592183144e-02
5.314615500379028107e-02
5.412639077419482969e-02
5.511604989713550506e-02
5.611471815931398655e-02
5.712232652518058756e-02
5.813849529921183423e-02
5.916281026810947530e-02
6.019523691409865707e-02
6.123563716607990925e-02
6.228297549080753087e-02
6.333780417267924345e-02
6.439905316067445762e-02
6.546696407921716310e-02
6.654112271500911557e-02
6.762070064145368764e-02
6.870566334077603254e-02
6.979587274187672163e-02
7.089018975818546509e-02
7.198923570964968488e-02
7.309183699192424444e-02
7.419785553390968735e-02
7.530656646233403750e-02
7.641810784829670966e-02
7.753175481852565831e-02
7.864695508862322437e-02
7.976363962303965882e-02
8.088060029965493669e-02
8.199842392064166097e-02
8.311555718613126975e-02
8.423227623832255095e-02
8.534802879281783161e-02
8.646198642302049819e-02
8.757404557560602432e-02
8.868334330620293582e-02
8.978970702593697117e-02
9.089234282598637749e-02
9.199104359970203260e-02
9.308501543826216973e-02
9.417405123501773612e-02
9.525732256337207660e-02
9.633469135222576252e-02
9.740529465720737523e-02
9.846899440721745833e-02
9.952485862233489966e-02
1.005728182670099641e-01
1.016119758790963445e-01
1.026421588697197657e-01
1.036625388122836416e-01
1.046729431179137110e-01
1.056725088422384856e-01
1.066610979141585508e-01
1.076378473893025017e-01
1.086025846787960214e-01
1.095548265337911165e-01
1.104940551876649191e-01
1.114197873915694081e-01
1.123311256833583183e-01
1.132283116874556045e-01
1.141105169772647365e-01
1.149771892683879720e-01
1.158282250075007291e-01
1.166631064279801816e-01
1.174810051032297159e-01
1.182821626576733287e-01
1.190657161469395875e-01
1.198311823221805128e-01
1.205787682900451990e-01
1.213073349639634257e-01
1.220171239683590786e-01
1.227076175366094146e-01
1.233780217598926532e-01
1.240285782626327910e-01
1.246588728315315697e-01
1.252683531821912610e-01
1.258570193146117955e-01
1.264243879799452630e-01
1.269700104471184754e-01
1.274941628583302899e-01
1.279960513047589954e-01
1.284756412686297311e-01
1.289327946788430546e-01
1.293674770176241051e-01
1.297789634117008928e-01
1.301674954854974142e-01
1.305326935434902580e-01
1.308744885501296473e-01
1.311928805054156377e-01
1.314874551960499571e-01
1.317585232820062402e-01
1.320057395855359916e-01
1.322290350710894347e-01
1.324280990786929069e-01
1.326032077505452100e-01
1.327544301221961209e-01
1.328813519803473120e-01
1.329843875382970830e-01
1.330631571005220226e-01
1.331180058447706260e-01
1.331490028065926978e-01
1.331558028082396594e-01
1.331388200630097551e-01
1.330980200531281243e-01
1.330335063319193767e-01
1.329453134171583450e-01
1.328334758266198901e-01
1.326987529513509179e-01
1.325405234714039093e-01
1.323595122600509377e-01
1.321555122106428670e-01
1.319292136786767988e-01
1.316800643797550463e-01
1.314091688826730109e-01
1.311159403852582006e-01
1.308011037607825222e-01
1.304648315981203066e-01
1.301075381105698536e-01
1.297289816737071944e-01
1.293299907141287897e-01
1.289109794451330782e-01
1.284717407600708128e-01
1.280127579077900424e-01
1.275344451015890668e-01
1.270373546258655451e-01
1.265215555161692818e-01
1.259872203613744968e-01
1.254354882480514799e-01
1.248658068918025582e-01
1.242793844147477011e-01
1.236759791924629814e-01
1.230564541693197622e-01
1.224209474164174999e-01
1.217702873603527802e-01
1.211043014122513140e-01
1.204238179987096591e-01
1.197289751908273275e-01
1.190209465929493449e-01
1.182992489562278010e-01
1.175650558850078325e-01
1.168181602726402618e-01
1.160597357234702809e-01
1.152899893441470397e-01
1.145094043835185454e-01
1.137180843949093106e-01
1.129169613582405585e-01
1.121065185223602545e-01
1.112872046183415869e-01
1.104591922350587896e-01
1.096233788346581972e-01
1.087801786304380958e-01
1.079298332468224819e-01
1.070731020748581924e-01
1.062102267389693211e-01
1.053419666302026214e-01
1.044688395151810584e-01
1.035909834650039635e-01
1.027092614240428248e-01
1.018241566411456911e-01
1.009361178473856119e-01
1.000453521494118203e-01
9.915261893827112538e-02
9.825840146281157594e-02
9.736290682968229415e-02
9.646720508990386245e-02
9.557115817237686606e-02
9.467552546814815562e-02
9.378079022606573834e-02
9.288743569497759367e-02
9.199556542820837290e-02
9.110635303010315711e-02
9.021952235846311674e-02
8.933590183988482369e-02
8.845594020544143843e-02
8.758008618620609365e-02
8.670844333550337124e-02
8.584177104438014960e-02
8.498020738393582962e-02
8.412451174521728969e-02
8.327513285929769027e-02
8.243213976172672486e-02
8.159594666580270717e-02
8.076700230259875601e-02
7.994575540318805962e-02
7.913255114531916878e-02
7.832787277784007685e-02
7.753175481852565831e-02
7.674495665842280545e-02
7.596751281530632338e-02
7.519956136027564075e-02
7.444210330880168813e-02
7.369489703646041334e-02
7.295832223877526945e-02
7.223241343352108934e-02
7.151824067171849708e-02
7.081556232894346825e-02
7.012468906516970690e-02
6.944568991594693430e-02
6.877894457679858964e-02
6.812517792099669067e-02
6.748401025301779821e-02
6.685554512618649414e-02
6.624043837822503333e-02
6.563910422243175724e-02
6.505078326775975972e-02
6.447661460077934448e-02
6.391621852596712783e-02
6.336997473884647958e-02
6.283784872164255297e-02
6.232018565210395433e-02
6.181705456578039104e-02
6.132838642712212102e-02
6.085452641387775058e-02
6.039516386607354098e-02
5.995095462143180259e-02
5.952155350220395685e-02
5.910727116836369394e-02
5.870810761991104854e-02
5.832371767909742127e-02
5.795475718364511558e-02
5.760088095580558065e-02
5.726201996002906053e-02
5.693817419631557603e-02
5.662968884241370571e-02
5.633583902505142488e-02
5.605759124192474796e-02
5.579390995978797396e-02
5.554545101636335080e-02
5.531152405615378381e-02
5.509271588133179964e-02
5.488833613640028281e-02
5.469872999910778411e-02
5.452344873838117778e-02
5.436249235422044301e-02
5.421613698882444404e-02
5.408334710894747294e-02
5.396474403453694474e-02
5.385994807006944801e-02
5.376889017999524761e-02
5.369084549104233967e-02
5.362646984093302066e-02
5.357500383862042609e-02
5.353610230635595657e-02
5.351000686856365735e-02
5.349633782972007534e-02
5.349468097652691073e-02
5.350538148673274208e-02
5.352730027376728650e-02
5.356074799760425498e-02
5.360534496272019445e-02
5.366102213356541833e-02
5.372702011909303438e-02
5.380330440152821664e-02
5.388980594532122304e-02
5.398614505494863519e-02
5.409152782158870715e-02
5.420629942299005910e-02
5.433004564585434959e-02
5.446197258135989511e-02
5.460208022950665402e-02
5.475029955474496057e-02
5.490587116602790863e-02
5.506872602780581161e-02
5.523813926680663788e-02
5.541404184748069395e-02
5.559639925205309835e-02
5.578445208947700046e-02
5.597778614645410739e-02
5.617636690520956544e-02
5.637940045692163560e-02
5.658688680159034562e-02
5.679875690366596730e-02
5.701390619435303675e-02
5.723264533362529272e-02
5.745386975268729907e-02
5.767820077148647778e-02
5.790460285677711399e-02
5.813262727748606112e-02
5.836258469358701628e-02
5.859340505405942479e-02
5.882501932335354455e-02
5.905739298369452883e-02
5.928976664403552699e-02
5.952210578660166451e-02
5.975368553812093059e-02
5.998443686304361783e-02
6.021398006584628704e-02
6.044193545100550596e-02
6.066826850074644173e-02
6.089256500177076675e-02
6.111413459858134473e-02
6.133321891560217926e-02
6.154881693736240222e-02
6.176151546603459580e-02
6.197065866389646349e-02
6.217583231764970547e-02
6.237665673177091030e-02
6.257344256623376122e-02
6.276546494776628904e-02
6.295272387636846601e-02
6.313483965651688068e-02
6.331143259268807999e-02
6.348281334485578187e-02
6.364832607529771757e-02
6.380821240843786990e-02
6.396181650655394235e-02
6.410913836964593493e-02
6.425010896216415412e-02
6.438472828410858606e-02
6.451234049775692037e-02
6.463356692305662066e-02
6.474737202676193737e-02
6.485448068214490214e-02
6.495451319368206189e-02
6.504743504359856987e-02
6.513297008969558266e-02
6.521139447417192980e-02
6.528243205482874012e-02
6.534601379611633398e-02
6.540217421580955814e-02
6.545094783168327324e-02
6.549230012596261863e-02
6.552623109864758044e-02
6.555315496303645850e-02
6.557234684585726281e-02
6.558449710260710885e-02
6.558932959108716709e-02
6.558715497127115546e-02
6.557804227870875358e-02
6.556192247785029570e-02
6.553893363979515496e-02
6.550931738896738354e-02
6.547286661871781765e-02
6.543020264899389316e-02
6.538108385537161338e-02
6.532616607557324706e-02
6.526479347187653934e-02
6.519803609530204491e-02
6.512561780365090647e-02
6.504750407914830501e-02
6.496445431284103567e-02
6.487650302250402845e-02
6.478333954816350992e-02
6.468599942306522965e-02
6.458417198723546970e-02
6.447861663172109459e-02
6.436902269654838638e-02
6.425573535946593751e-02
6.413913431599714554e-02
6.401963377944032418e-02
6.389761344531889875e-02
6.377276265365916519e-02
6.364577175995825287e-02
6.351705497751447549e-02
6.338626712857924062e-02
6.325454729972285195e-02
6.312151579542187030e-02
6.298796652449802080e-02
6.285351979142789203e-02
6.271931468278174604e-02
6.258500602081104591e-02
6.245097350103918921e-02
6.231794199673822143e-02
6.218598054345783610e-02
6.205505462342316564e-02
6.192561296770737050e-02
6.179834593180760782e-02
6.167332255127357804e-02
6.155050830833042053e-02
6.143031741627646286e-02
6.131348165193863803e-02
6.119967309645583248e-02
6.108927144535145765e-02
6.098299466834255361e-02
6.088052520190045946e-02
6.078258446751965555e-02
6.068919317586508877e-02
6.060072757068268867e-02
6.051686663666629162e-02
6.043867006950398579e-02
6.036581685388966306e-02
6.029867287823677258e-02
6.023726230498771539e-02
6.018195102255598922e-02
6.013310837113255286e-02
6.009074470604989365e-02
6.005454246377928823e-02
6.002555098467643457e-02
6.000311097924155429e-02
5.998788864052937569e-02
5.997994955231215203e-02
5.997925919681498796e-02
5.998554143183906090e-02
5.999983179063009264e-02
6.002140539991605850e-02
6.005029677747181910e-02
6.008726531434424589e-02
6.013189679723505293e-02
6.018422574391908697e-02
6.024463184991978720e-02
6.031242475974001038e-02
6.038829482887688588e-02
6.047189687958186288e-02
6.056323091185492752e-02
6.066236596124580105e-02
6.076923299220475527e-02
6.088352134475808614e-02
6.100561071442923283e-02
6.113512140569474229e-02
6.127208793632947514e-02
6.141651030633345221e-02
6.156804333795806022e-02
6.172703220895191245e-02
6.189244138606927320e-02
6.206499574258212554e-02
6.224431558296707884e-02
6.242974506950180885e-02
6.262197455768346577e-02
6.282034820978979472e-02
6.302445181252244732e-02
6.323469957917975115e-02
6.345040115426454908e-02
6.367152202000198047e-02
6.389775151641832740e-02
6.412874446576502518e-02
6.436488056356548526e-02
6.460508975879913907e-02
6.484975174698941192e-02
6.509848683261287849e-02
6.535101887347068150e-02
6.560658847851594255e-02
6.586564437882182210e-02
6.612739266556658113e-02
6.639193689207478766e-02
6.665889736282305800e-02
6.692758372231419339e-02
6.719834114829677241e-02
6.747054832082335918e-02
6.774379102659569551e-02
6.801810378338860041e-02
6.829279623570494451e-02
6.856793741909442130e-02
6.884307860248391198e-02
6.911763298370082742e-02
6.939156604497032088e-02
6.966491230406719748e-02
6.993656719219608353e-02
7.020697944043008398e-02
7.047538965772234820e-02
7.074183236184773682e-02
7.100565171508393947e-02
7.126677868188129039e-02
7.152493712004084903e-02
7.177971281626438493e-02
7.203048445060447613e-02
7.227794237855819648e-02
7.252098203133017229e-02
7.275932726672150463e-02
7.299294356695737451e-02
7.322179641426289354e-02
7.344526448869065360e-02
7.366293357694232713e-02
7.387514885676650656e-02
7.408121997266606251e-02
7.428076722911750029e-02
7.447382514389577768e-02
7.466035919922593689e-02
7.483961000406116892e-02
7.501161207617632054e-02
7.517636541557136398e-02
7.533342129117320818e-02
7.548246904300807969e-02
7.562343963552629889e-02
7.575636758650269864e-02
7.588045898711558157e-02
7.599640419286207704e-02
7.610344381269530667e-02
7.620123266886674740e-02
7.629039208132377958e-02
7.637019717679442710e-02
7.644023374198037624e-02
7.650115761460393737e-02
7.655224392139312051e-02
7.659373428677186679e-02
7.662559419296539887e-02
7.664706424892678283e-02
7.665880029237835680e-02
7.666031907447207194e-02
7.665158607743313701e-02
7.663256678348662199e-02
7.660308860375827922e-02
7.656318605602295546e-02
7.651299721138007937e-02
7.645221140985594688e-02
7.638096672254998665e-02
7.629891797171360623e-02
7.620661744174450636e-02
7.610365091934447046e-02
7.598988033341398662e-02
7.586554730837710703e-02
7.573058280868411041e-02
7.558519394098414668e-02
7.542889745642916699e-02
7.526234919274150947e-02
7.508503138329833404e-02
7.489718565252355409e-02
7.469901910706640280e-02
7.449046271137710340e-02
7.427165453655512617e-02
7.404221488707701804e-02
7.380262701179080009e-02
7.355278735737191820e-02
7.329293754824431351e-02
7.302328469105714981e-02
7.274334553696246153e-02
7.245363785258310263e-02
7.215409260236932409e-02
7.184453719744686440e-02
7.152586909996201670e-02
7.119725988331818134e-02
7.085964152743653988e-02
7.051253078346905734e-02
7.015610024029006464e-02
6.979059152232351682e-02
6.941652239619230946e-02
6.903313347084956419e-02
6.864125317289185291e-02
6.824081246676948209e-02
6.783198394135672715e-02
6.741469856110386683e-02
6.698909439711032976e-02
6.655544759157500101e-02
6.611396525114700273e-02
6.566485448247548484e-02
6.520766655448730076e-02
6.474336796487846490e-02
6.427175160699982737e-02
6.379278296307654139e-02
6.330666913975772914e-02
6.281368627924227566e-02
6.231404148817932392e-02
6.180763121324427123e-02
6.129507677438459506e-02
6.077596395830197479e-02
6.025087956716901338e-02
5.971975456543596877e-02
5.918283057752685844e-02
5.864041826341538644e-02
5.809241406977701250e-02
5.753916317436029437e-02
5.698056202384063629e-02
5.641726645594036249e-02
5.584920743510974478e-02
5.527638496134879703e-02
5.469900614130664140e-02
5.411741615273187728e-02
5.353175306672390554e-02
5.294215495438219649e-02
5.234879440458099775e-02
5.175184400619461944e-02
5.115147634809734389e-02
5.054786401916345345e-02
4.994121412604211191e-02
4.933169925760758079e-02
4.871949200273416325e-02
4.810476495029614163e-02
4.748769068916781910e-02
4.686844180822347106e-02
4.624725993188709416e-02
4.562428313125812401e-02
4.499971851298570358e-02
4.437370414816926845e-02
4.374651617900768286e-02
4.311818912327580050e-02
4.248903364094732543e-02
4.185922232089657469e-02
4.122885871644808159e-02
4.059825348757560570e-02
3.996747566982882666e-02
3.933676688763176887e-02
3.870629972985871470e-02
3.807624678538393953e-02
3.744681516085661410e-02
3.681821196292586751e-02
3.619057526269112840e-02
3.556411216680155363e-02
3.493902978190627229e-02
3.431546617910472691e-02
3.369359394727119983e-02
3.307368922860454835e-02
3.245578654087964005e-02
3.184019654407018590e-02
3.122705730927561804e-02
3.061654142537022227e-02
3.000878696345343072e-02
2.940407006572410761e-02
2.880249428550681404e-02
2.820419769390098905e-02
2.760942191533063278e-02
2.701830502089518082e-02
2.643105411724376921e-02
2.584777275770097985e-02
2.526866804891595222e-02
2.469391257976297563e-02
2.412364442134147524e-02
2.355796712697603296e-02
2.299715683886550260e-02
2.244128259255959851e-02
2.189048245915775626e-02
2.134496354530912229e-02
2.080482940433825423e-02
2.027021810734460153e-02
1.974126772542758590e-02
1.921815084746150010e-02
1.870097102677090520e-02
1.818983181668037616e-02
1.768487128828935551e-02
1.718626203047212211e-02
1.669400404322867598e-02
1.620837346875787788e-02
1.572930127151001695e-02
1.525699455813422922e-02
1.479152236418023424e-02
1.433302276074747104e-02
1.388153026561078293e-02
1.343711391431989290e-02
1.299994629574909022e-02
1.257006192767322686e-02
1.214746081009230629e-02
1.173228101410575715e-02
1.132459157526329377e-02
1.092439249356492482e-02
1.053178732233520619e-02
1.014681057934900890e-02
9.769496782381186656e-03
9.399880449206598348e-03
9.037996097600097672e-03
8.683878245336545260e-03
8.337561410190798272e-03
7.998976556613142386e-03
7.668227237928147352e-03
7.345278936360959479e-03
7.030131651911575297e-03
6.722806095244909623e-03
6.423253941476166420e-03
6.131475190605341352e-03
5.847445680190031629e-03
5.571141247787844003e-03
5.302530827401402344e-03
5.041576449478363253e-03
4.788236692688899697e-03
4.542463232148207831e-03
4.304211194748976121e-03
4.073418448496460981e-03
3.850026313173402458e-03
3.633965753230087095e-03
3.425174636671769138e-03
3.223573572616279023e-03
3.029086621958929082e-03
2.841627490262574243e-03
2.661116786645043638e-03
2.487457861336736086e-03
2.320557516345535341e-03
2.160319101901840653e-03
2.006642516458566339e-03
1.859420754913651639e-03
1.718543360387554111e-03
1.583906779555700533e-03
1.455390200206089970e-03
1.332879713681691791e-03
1.216255888481499597e-03
1.105397222038014427e-03
1.000180140717246485e-03
9.004783094632168999e-04
8.061609059092156911e-04
7.170998691105216283e-04
6.331674487823865964e-04
5.542224672256433138e-04
4.801363802467223320e-04
4.107763634479718175e-04
3.459968553728174972e-04
2.856697950765378700e-04
2.296553855709598942e-04
1.778093425571790386e-04
1.300011888462337397e-04
8.609043709445386315e-05
4.593659995816915925e-05
9.402987048943771772e-06
-2.364847273265251396e-05
-5.335412459730700437e-05
-7.985169446670125932e-05
-1.032754564850311610e-04
-1.237603751519896812e-04
-1.414400342562755245e-04
-1.564459465200959546e-04
-1.689085891324125348e-04
-1.789574037489409790e-04
-1.867190706034084675e-04
-1.923192343962965749e-04
-1.958814687615952044e-04
-1.975262407335571450e-04
-1.973733269909382960e-04
-1.955393976127569277e-04
-1.921383612560430471e-04
-1.872827458668322050e-04
-1.810812824359257040e-04
-1.736406308876333653e-04
-1.650646897242763673e-04
-1.554539056706901671e-04
-1.449069995629673473e-04
-1.335182049264690008e-04
-1.213800293978133869e-04
-1.085815288361329211e-04
-9.520796214532577131e-05
-8.134320751829574351e-05
-6.706492994847236099e-05
-5.245044925153645834e-05
-3.757259793243750243e-05
-2.250110189638772056e-05
-7.302580448862174917e-06
7.960144059898406423e-06
2.322652745279388199e-05
3.844051286345561352e-05
5.354849418752982254e-05
6.849982004219054750e-05
8.324817447713393954e-05
9.774891910591421997e-05
1.119621306701311516e-04
1.258493908863682841e-04
1.393762164975429580e-04
1.525116105418330233e-04
1.652265780883582227e-04
1.774952308059753864e-04
1.892947869632784588e-04
2.006052262508501891e-04
2.114082542480160386e-04
2.216904090225814297e-04
2.314382286423520563e-04
2.406423933081163857e-04
2.492953091094057328e-04
2.573917983799913932e-04
2.649290996978849412e-04
2.719061775298404733e-04
2.783244125868522567e-04
2.841869114686577306e-04
2.894988518414853287e-04
2.942671372603066025e-04
2.985000519910872624e-04
3.022076061885361369e-04
3.054011907183561592e-04
3.080939223349932719e-04
3.102999533261389421e-04
3.120348166904791747e-04
3.133150809599454987e-04
3.141573146664696056e-04
3.145808477639716128e-04
3.146043198508748019e-04
3.142477512365963424e-04
3.135311622305537289e-04
3.124762990309070862e-04
3.111042174803197043e-04
3.094370089547002884e-04
3.074957292967119655e-04
3.053038505932579249e-04
3.028834642202468718e-04
3.002563163758391481e-04
2.974455339691892543e-04
2.944728631984574779e-04
2.913600502618041068e-04
2.881295317128865349e-04
2.848020182166191463e-04
2.813992559711624456e-04
2.779416104636822367e-04
2.744491020035957972e-04
2.709414057225720414e-04
2.674368160412855626e-04
2.639543177359078433e-04
2.605115148716163160e-04
2.571253211580911986e-04
2.538116147717669135e-04
2.505859287113293031e-04
2.474627604422186314e-04
2.444555718966293675e-04
2.415771346512587112e-04
2.388398751050554449e-04
2.362541485904767335e-04
2.338303104399799045e-04
2.315779565949753873e-04
2.295048880725809989e-04
2.276184226410664466e-04
2.259249115710056240e-04
2.244301883663493377e-04
2.231381880534314191e-04
2.220533289074336474e-04
2.211775439237480289e-04
2.205131803110648608e-04
2.200606522826824881e-04
2.198206847118728050e-04
2.197921730298404682e-04
2.199737020078162877e-04
2.203627863660105721e-04
2.209565956468848870e-04
2.217513674129798266e-04
2.227423727291399274e-04
2.239242268224874344e-04
2.252915104023696423e-04
2.268377686448882406e-04
2.285563396194956512e-04
2.304389390602261639e-04
2.324779040210613284e-04
2.346652954137839065e-04
2.369914482614338667e-04
2.394477331202967828e-04
2.420241398356638804e-04
2.447113486083237898e-04
2.474990041058191289e-04
2.503764058179440443e-04
2.533335435899899241e-04
2.563593717340022530e-04
2.594435349175238932e-04
2.625749874526003835e-04
2.657426836512772630e-04
2.689359230033487049e-04
2.721436598208604109e-04
2.753562291268520784e-04
2.785618948778722484e-04
2.817506469192122007e-04
2.849121299184147974e-04
2.880359885430224670e-04
2.911129029938241378e-04
2.941332082938592904e-04
2.970872394661679475e-04
2.999667122447843446e-04
3.027626520082454483e-04
3.054664293128369137e-04
3.080711406035872434e-04
3.105685016145306185e-04
3.129516087906955416e-04
3.152139037548590413e-04
3.173495184852953609e-04
3.193522397825300551e-04
3.212175803358317968e-04
3.229400173012233013e-04
3.245157537234701853e-04
3.259409926473382283e-04
3.272119371175929927e-04
3.283265160677431593e-04
3.292816228980513429e-04
3.300765672530206539e-04
3.307089328884108676e-04
3.311790649819706185e-04
3.314855828227056397e-04
