1.909859317102743925e-02
3.819718634205487851e-02
5.729577951308231776e-02
7.639437268410975701e-02
9.549296585513719626e-02
1.145915590261646355e-01
1.336901521971920748e-01
1.527887453682195140e-01
1.718873385392469810e-01
1.909859317102743925e-01
2.100845248813018595e-01
2.291831180523292710e-01
2.482817112233567380e-01
2.673803043943841495e-01
2.864788975654116165e-01
3.055774907364390280e-01
3.246760839074664950e-01
3.437746770784939621e-01
3.628732702495213736e-01
3.819718634205487851e-01
4.010704565915762521e-01
4.201690497626037191e-01
4.392676429336311306e-01
4.583662361046585421e-01
4.774648292756860091e-01
4.965634224467134761e-01
5.156620156177409431e-01
5.347606087887682991e-01
5.538592019597957661e-01
5.729577951308232331e-01
5.920563883018507001e-01
6.111549814728780561e-01
6.302535746439055231e-01
6.493521678149329901e-01
6.684507609859604571e-01
6.875493541569879241e-01
7.066479473280153911e-01
7.257465404990427471e-01
7.448451336700701031e-01
7.639437268410975701e-01
7.830423200121250371e-01
8.021409131831525041e-01
8.212395063541799711e-01
8.403380995252074381e-01
8.594366926962349051e-01
8.785352858672622611e-01
8.976338790382897281e-01
9.167324722093170841e-01
9.358310653803445511e-01
9.549296585513720181e-01
9.740282517223994851e-01
9.931268448934269522e-01
1.012225438064454419e+00
1.031324031235481886e+00
1.050422624406509131e+00
1.069521217577536598e+00
1.088619810748564065e+00
1.107718403919591532e+00
1.126816997090618999e+00
1.145915590261646466e+00
1.165014183432673933e+00
1.184112776603701400e+00
1.203211369774728645e+00
1.222309962945756112e+00
1.241408556116783579e+00
1.260507149287811046e+00
1.279605742458838513e+00
1.298704335629865980e+00
1.317802928800893225e+00
1.336901521971920914e+00
1.356000115142948159e+00
1.375098708313975848e+00
1.394197301485003093e+00
1.413295894656030782e+00
1.432394487827058027e+00
1.451493080998085494e+00
1.470591674169112961e+00
1.489690267340140206e+00
1.508788860511167895e+00
1.527887453682195140e+00
1.546986046853222829e+00
1.566084640024250074e+00
1.585183233195277763e+00
1.604281826366305008e+00
1.623380419537332475e+00
1.642479012708359942e+00
1.661577605879387187e+00
1.680676199050414876e+00
1.699774792221442121e+00
1.718873385392469810e+00
1.737971978563497055e+00
1.757070571734524522e+00
1.776169164905551989e+00
1.795267758076579456e+00
1.814366351247606923e+00
1.833464944418634168e+00
1.852563537589661857e+00
1.871662130760689102e+00
1.890760723931716791e+00
1.909859317102744036e+00
1.928957910273771503e+00
1.948056503444798970e+00
1.967155096615826437e+00
1.986253689786853904e+00
2.005352282957881371e+00
2.024450876128908838e+00
2.043549469299936305e+00
2.062648062470963772e+00
2.081746655641991239e+00
2.100845248813018262e+00
2.119943841984046173e+00
2.139042435155073196e+00
2.158141028326101107e+00
2.177239621497128130e+00
2.196338214668156041e+00
2.215436807839183064e+00
2.234535401010210531e+00
2.253633994181237998e+00
2.272732587352265465e+00
2.291831180523292932e+00
2.310929773694320399e+00
2.330028366865347866e+00
2.349126960036375333e+00
2.368225553207402800e+00
2.387324146378430267e+00
2.406422739549457290e+00
2.425521332720485201e+00
2.444619925891512224e+00
2.463718519062540135e+00
2.482817112233567158e+00
2.501915705404595069e+00
2.521014298575622092e+00
2.540112891746650003e+00
2.559211484917677026e+00
2.578310078088704493e+00
2.597408671259731960e+00
2.616507264430759427e+00
2.635605857601786450e+00
2.654704450772814361e+00
2.673803043943841828e+00
2.692901637114869295e+00
2.712000230285896318e+00
2.731098823456924229e+00
2.750197416627951696e+00
2.769296009798978719e+00
2.788394602970006186e+00
2.807493196141034097e+00
2.826591789312061564e+00
2.845690382483088587e+00
2.864788975654116054e+00
2.883887568825143966e+00
2.902986161996170988e+00
2.922084755167198455e+00
2.941183348338225922e+00
2.960281941509253389e+00
2.979380534680280412e+00
2.998479127851308323e+00
3.017577721022335790e+00
3.036676314193362813e+00
3.055774907364390280e+00
3.074873500535418192e+00
3.093972093706445659e+00
3.113070686877472681e+00
3.132169280048500148e+00
3.151267873219528060e+00
3.170366466390555527e+00
3.189465059561582549e+00
3.208563652732610016e+00
3.227662245903637928e+00
3.246760839074664950e+00
3.265859432245692417e+00
3.284958025416719885e+00
3.304056618587747352e+00
3.323155211758774374e+00
3.342253804929802286e+00
3.361352398100829753e+00
3.380450991271856775e+00
3.399549584442884242e+00
3.418648177613912154e+00
3.437746770784939621e+00
3.456845363955966643e+00
3.475943957126994110e+00
3.495042550298022022e+00
3.514141143469049045e+00
3.533239736640076512e+00
3.552338329811103979e+00
3.571436922982131890e+00
3.590535516153158913e+00
3.609634109324186380e+00
3.628732702495213847e+00
3.647831295666241314e+00
3.666929888837268336e+00
3.686028482008296248e+00
3.705127075179323715e+00
3.724225668350350738e+00
3.743324261521378205e+00
3.762422854692406116e+00
3.781521447863433583e+00
3.800620041034460606e+00
3.819718634205488073e+00
3.838817227376515984e+00
3.857915820547543007e+00
3.877014413718570474e+00
3.896113006889597941e+00
3.915211600060625852e+00
3.934310193231652875e+00
3.953408786402680342e+00
3.972507379573707809e+00
3.991605972744734832e+00
4.010704565915762743e+00
4.029803159086790210e+00
4.048901752257817677e+00
4.068000345428845144e+00
4.087098938599872611e+00
4.106197531770900078e+00
4.125296124941927545e+00
4.144394718112955012e+00
4.163493311283982479e+00
4.182591904455009946e+00
4.201690497626036525e+00
4.220789090797063992e+00
4.239887683968092347e+00
4.258986277139119814e+00
4.278084870310146393e+00
4.297183463481173860e+00
4.316282056652202215e+00
4.335380649823228794e+00
4.354479242994256261e+00
4.373577836165283728e+00
4.392676429336312083e+00
4.411775022507338662e+00
4.430873615678366129e+00
4.449972208849393596e+00
4.469070802020421063e+00
4.488169395191448530e+00
4.507267988362475997e+00
4.526366581533503464e+00
4.545465174704530931e+00
4.564563767875558398e+00
4.583662361046585865e+00
4.602760954217613332e+00
4.621859547388640799e+00
4.640958140559668266e+00
4.660056733730695733e+00
4.679155326901723200e+00
4.698253920072750667e+00
4.717352513243778134e+00
4.736451106414805601e+00
4.755549699585833068e+00
4.774648292756860535e+00
4.793746885927888002e+00
4.812845479098914581e+00
4.831944072269942936e+00
4.851042665440970403e+00
4.870141258611997870e+00
4.889239851783024449e+00
4.908338444954051916e+00
4.927437038125080271e+00
4.946535631296106850e+00
4.965634224467134317e+00
4.984732817638161784e+00
5.003831410809190139e+00
5.022930003980216718e+00
5.042028597151244185e+00
5.061127190322271652e+00
5.080225783493300007e+00
5.099324376664326586e+00
5.118422969835354053e+00
5.137521563006381520e+00
5.156620156177408987e+00
5.175718749348437342e+00
5.194817342519463921e+00
5.213915935690491388e+00
5.233014528861518855e+00
5.252113122032546322e+00
5.271211715203572901e+00
5.290310308374601256e+00
5.309408901545628723e+00
5.328507494716655302e+00
5.347606087887683657e+00
5.366704681058711124e+00
5.385803274229738591e+00
5.404901867400766058e+00
5.424000460571792637e+00
5.443099053742820992e+00
5.462197646913848459e+00
5.481296240084875038e+00
5.500394833255903393e+00
5.519493426426929972e+00
5.538592019597957439e+00
5.557690612768985794e+00
5.576789205940012373e+00
5.595887799111039840e+00
5.614986392282068195e+00
5.634084985453094774e+00
5.653183578624123129e+00
5.672282171795149708e+00
5.691380764966177175e+00
5.710479358137205530e+00
5.729577951308232109e+00
5.748676544479259576e+00
5.767775137650287931e+00
5.786873730821314510e+00
5.805972323992341977e+00
5.825070917163369444e+00
5.844169510334396911e+00
5.863268103505425266e+00
5.882366696676451845e+00
5.901465289847479312e+00
5.920563883018506779e+00
5.939662476189534246e+00
5.958761069360560825e+00
5.977859662531589180e+00
5.996958255702616647e+00
6.016056848873643226e+00
6.035155442044671581e+00
6.054254035215699048e+00
6.073352628386725627e+00
6.092451221557753982e+00
6.111549814728780561e+00
6.130648407899808916e+00
6.149747001070836383e+00
6.168845594241862962e+00
6.187944187412891317e+00
6.207042780583917896e+00
6.226141373754945363e+00
6.245239966925973718e+00
6.264338560097000297e+00
6.283437153268027764e+00
6.302535746439056119e+00
6.321634339610082698e+00
6.340732932781111053e+00
6.359831525952137632e+00
6.378930119123165099e+00
6.398028712294193454e+00
6.417127305465220033e+00
6.436225898636247500e+00
6.455324491807275855e+00
6.474423084978302434e+00
6.493521678149329901e+00
6.512620271320357368e+00
6.531718864491384835e+00
6.550817457662411414e+00
6.569916050833439769e+00
6.589014644004467236e+00
6.608113237175494703e+00
6.627211830346522170e+00
6.646310423517548749e+00
6.665409016688577104e+00
6.684507609859604571e+00
6.703606203030631150e+00
6.722704796201659505e+00
6.741803389372686972e+00
6.760901982543713551e+00
6.780000575714741906e+00
6.799099168885768485e+00
6.818197762056796840e+00
6.837296355227824307e+00
6.856394948398850886e+00
6.875493541569879241e+00
6.894592134740905820e+00
6.913690727911933287e+00
6.932789321082961642e+00
6.951887914253988221e+00
6.970986507425015688e+00
6.990085100596044043e+00
7.009183693767070622e+00
7.028282286938098089e+00
7.047380880109125556e+00
7.066479473280153023e+00
7.085578066451181378e+00
7.104676659622207957e+00
7.123775252793235424e+00
7.142873845964263779e+00
7.161972439135290358e+00
7.181071032306317825e+00
7.200169625477345292e+00
7.219268218648372759e+00
7.238366811819399338e+00
7.257465404990427693e+00
7.276563998161455160e+00
7.295662591332482627e+00
7.314761184503510094e+00
7.333859777674536673e+00
7.352958370845565028e+00
7.372056964016592495e+00
7.391155557187619074e+00
7.410254150358647429e+00
7.429352743529674896e+00
7.448451336700701475e+00
7.467549929871729830e+00
7.486648523042756409e+00
7.505747116213783876e+00
7.524845709384812231e+00
7.543944302555838810e+00
7.563042895726867165e+00
7.582141488897893744e+00
7.601240082068921211e+00
7.620338675239949566e+00
7.639437268410976145e+00
7.658535861582003612e+00
7.677634454753031967e+00
7.696733047924058546e+00
7.715831641095086013e+00
7.734930234266113480e+00
7.754028827437140947e+00
7.773127420608169302e+00
7.792226013779195881e+00
7.811324606950223348e+00
7.830423200121251703e+00
7.849521793292278282e+00
7.868620386463305749e+00
7.887718979634333216e+00
7.906817572805360683e+00
7.925916165976387262e+00
7.945014759147415617e+00
7.964113352318443084e+00
7.983211945489469663e+00
8.002310538660497130e+00
8.021409131831525485e+00
8.040507725002553840e+00
8.059606318173580419e+00
8.078704911344606998e+00
8.097803504515635353e+00
8.116902097686661932e+00
8.136000690857690287e+00
8.155099284028716866e+00
8.174197877199745221e+00
8.193296470370771800e+00
8.212395063541800155e+00
8.231493656712826734e+00
8.250592249883855089e+00
8.269690843054881668e+00
8.288789436225910023e+00
8.307888029396936602e+00
8.326986622567964957e+00
8.346085215738991536e+00
8.365183808910019891e+00
8.384282402081046470e+00
8.403380995252073049e+00
8.422479588423101404e+00
8.441578181594127983e+00
8.460676774765156338e+00
8.479775367936184693e+00
8.498873961107211272e+00
8.517972554278239627e+00
8.537071147449266206e+00
8.556169740620292785e+00
8.575268333791321140e+00
8.594366926962347719e+00
8.613465520133376074e+00
8.632564113304404430e+00
8.651662706475431008e+00
8.670761299646457587e+00
8.689859892817485942e+00
8.708958485988512521e+00
8.728057079159540876e+00
8.747155672330567455e+00
8.766254265501595810e+00
8.785352858672624166e+00
8.804451451843650744e+00
8.823550045014677323e+00
8.842648638185705678e+00
8.861747231356732257e+00
8.880845824527758836e+00
8.899944417698787191e+00
8.919043010869815546e+00
8.938141604040842125e+00
8.957240197211870480e+00
8.976338790382897059e+00
8.995437383553925415e+00
9.014535976724951993e+00
9.033634569895978572e+00
9.052733163067006927e+00
9.071831756238035283e+00
9.090930349409061861e+00
9.110028942580090217e+00
9.129127535751116795e+00
9.148226128922143374e+00
9.167324722093171729e+00
9.186423315264198308e+00
9.205521908435226663e+00
9.224620501606255019e+00
9.243719094777281597e+00
9.262817687948309953e+00
9.281916281119336531e+00
9.301014874290363110e+00
9.320113467461391465e+00
9.339212060632418044e+00
9.358310653803446399e+00
9.377409246974472978e+00
9.396507840145501333e+00
9.415606433316527912e+00
9.434705026487556268e+00
9.453803619658582846e+00
9.472902212829611202e+00
9.492000806000637780e+00
9.511099399171666136e+00
9.530197992342692714e+00
9.549296585513721070e+00
9.568395178684747648e+00
9.587493771855776004e+00
9.606592365026802582e+00
9.625690958197829161e+00
9.644789551368857516e+00
9.663888144539885872e+00
9.682986737710912450e+00
9.702085330881940806e+00
9.721183924052967384e+00
9.740282517223995740e+00
9.759381110395022318e+00
9.778479703566048897e+00
9.797578296737077252e+00
9.816676889908103831e+00
9.835775483079132187e+00
9.854874076250160542e+00
9.873972669421187121e+00
9.893071262592213699e+00
9.912169855763242055e+00
9.931268448934268633e+00
9.950367042105296989e+00
9.969465635276323567e+00
9.988564228447351923e+00
1.000766282161838028e+01
1.002676141478940686e+01
1.004586000796043344e+01
1.006495860113146179e+01
1.008405719430248837e+01
1.010315578747351495e+01
1.012225438064454330e+01
1.014135297381557166e+01
1.016045156698660001e+01
1.017955016015762659e+01
1.019864875332865317e+01
1.021774734649968153e+01
1.023684593967070811e+01
1.025594453284173468e+01
1.027504312601276304e+01
1.029414171918379139e+01
1.031324031235481797e+01
1.033233890552584633e+01
1.035143749869687468e+01
1.037053609186789949e+01
1.038963468503892784e+01
1.040873327820995620e+01
1.042783187138098278e+01
1.044693046455201113e+01
1.046602905772303771e+01
1.048512765089406429e+01
1.050422624406509264e+01
1.052332483723612100e+01
1.054242343040714580e+01
1.056152202357817416e+01
1.058062061674920251e+01
1.059971920992022909e+01
1.061881780309125745e+01
1.063791639626228580e+01
1.065701498943331060e+01
1.067611358260433896e+01
1.069521217577536731e+01
1.071431076894639389e+01
1.073340936211742225e+01
1.075250795528844883e+01
1.077160654845947718e+01
1.079070514163050376e+01
1.080980373480153212e+01
1.082890232797256047e+01
1.084800092114358527e+01
1.086709951431461363e+01
1.088619810748564198e+01
1.090529670065666856e+01
1.092439529382769692e+01
1.094349388699872527e+01
1.096259248016975008e+01
1.098169107334077843e+01
1.100078966651180679e+01
1.101988825968283336e+01
1.103898685285385994e+01
1.105808544602488830e+01
1.107718403919591488e+01
1.109628263236694323e+01
1.111538122553797159e+01
1.113447981870899639e+01
1.115357841188002475e+01
1.117267700505105310e+01
1.119177559822207968e+01
1.121087419139310803e+01
1.122997278456413639e+01
1.124907137773516297e+01
1.126816997090618955e+01
1.128726856407721790e+01
1.130636715724824626e+01
1.132546575041927284e+01
1.134456434359029942e+01
1.136366293676132777e+01
1.138276152993235435e+01
1.140186012310338270e+01
1.142095871627441106e+01
1.144005730944543586e+01
1.145915590261646422e+01
1.147825449578749257e+01
1.149735308895851915e+01
1.151645168212954751e+01
1.153555027530057586e+01
1.155464886847160066e+01
1.157374746164262902e+01
1.159284605481365737e+01
1.161194464798468395e+01
1.163104324115571053e+01
1.165014183432673889e+01
1.166924042749776547e+01
1.168833902066879382e+01
1.170743761383982218e+01
1.172653620701085053e+01
1.174563480018187533e+01
1.176473339335290369e+01
1.178383198652393204e+01
1.180293057969495862e+01
1.182202917286598698e+01
1.184112776603701356e+01
1.186022635920804014e+01
1.187932495237906849e+01
1.189842354555009685e+01
1.191752213872112165e+01
1.193662073189215000e+01
1.195571932506317836e+01
1.197481791823420494e+01
1.199391651140523329e+01
1.201301510457626165e+01
1.203211369774728645e+01
1.205121229091831481e+01
1.207031088408934316e+01
1.208940947726036974e+01
1.210850807043139810e+01
1.212760666360242467e+01
1.214670525677345125e+01
1.216580384994447961e+01
1.218490244311550796e+01
1.220400103628653632e+01
1.222309962945756112e+01
1.224219822262858948e+01
1.226129681579961783e+01
1.228039540897064441e+01
1.229949400214167277e+01
1.231859259531270112e+01
1.233769118848372592e+01
1.235678978165475428e+01
1.237588837482578263e+01
1.239498696799680921e+01
1.241408556116783579e+01
1.243318415433886415e+01
1.245228274750989073e+01
1.247138134068091908e+01
1.249047993385194744e+01
1.250957852702297224e+01
1.252867712019400059e+01
1.254777571336502895e+01
1.256687430653605553e+01
1.258597289970708388e+01
1.260507149287811224e+01
1.262417008604913704e+01
1.264326867922016540e+01
1.266236727239119375e+01
1.268146586556222211e+01
1.270056445873324869e+01
1.271966305190427526e+01
1.273876164507530362e+01
1.275786023824633020e+01
1.277695883141735855e+01
1.279605742458838691e+01
1.281515601775941171e+01
1.283425461093044007e+01
1.285335320410146842e+01
1.287245179727249500e+01
1.289155039044352336e+01
1.291064898361455171e+01
1.292974757678557651e+01
1.294884616995660487e+01
1.296794476312763322e+01
1.298704335629865980e+01
1.300614194946968638e+01
1.302524054264071474e+01
1.304433913581174131e+01
1.306343772898276967e+01
1.308253632215379803e+01
1.310163491532482283e+01
1.312073350849585118e+01
1.313983210166687954e+01
1.315893069483790789e+01
1.317802928800893447e+01
1.319712788117996283e+01
1.321622647435098941e+01
1.323532506752201598e+01
1.325442366069304434e+01
1.327352225386407270e+01
1.329262084703509750e+01
1.331171944020612585e+01
1.333081803337715421e+01
1.334991662654818079e+01
1.336901521971920914e+01
1.338811381289023750e+01
1.340721240606126230e+01
1.342631099923229065e+01
1.344540959240331901e+01
1.346450818557434559e+01
1.348360677874537394e+01
1.350270537191640052e+01
1.352180396508742710e+01
1.354090255825845546e+01
1.356000115142948381e+01
1.357909974460050861e+01
1.359819833777153697e+01
1.361729693094256533e+01
1.363639552411359368e+01
1.365549411728462026e+01
1.367459271045564861e+01
1.369369130362667697e+01
1.371278989679770177e+01
1.373188848996873013e+01
1.375098708313975848e+01
1.377008567631078506e+01
1.378918426948181164e+01
1.380828286265284000e+01
1.382738145582386657e+01
1.384648004899489493e+01
1.386557864216592328e+01
1.388467723533694809e+01
1.390377582850797644e+01
1.392287442167900480e+01
1.394197301485003138e+01
1.396107160802105973e+01
1.398017020119208809e+01
1.399926879436311289e+01
1.401836738753414124e+01
1.403746598070516960e+01
1.405656457387619618e+01
1.407566316704722453e+01
1.409476176021825111e+01
1.411386035338927947e+01
1.413295894656030605e+01
1.415205753973133440e+01
1.417115613290236276e+01
1.419025472607338756e+01
1.420935331924441591e+01
1.422845191241544427e+01
1.424755050558647085e+01
1.426664909875749920e+01
1.428574769192852756e+01
1.430484628509955236e+01
1.432394487827058072e+01
1.434304347144160907e+01
1.436214206461263565e+01
1.438124065778366223e+01
1.440033925095469058e+01
1.441943784412571716e+01
1.443853643729674552e+01
1.445763503046777387e+01
1.447673362363879868e+01
1.449583221680982703e+01
1.451493080998085539e+01
1.453402940315188197e+01
1.455312799632291032e+01
1.457222658949393868e+01
1.459132518266496525e+01
1.461042377583599183e+01
1.462952236900702019e+01
1.464862096217804854e+01
1.466771955534907335e+01
1.468681814852010170e+01
1.470591674169113006e+01
1.472501533486215664e+01
1.474411392803318499e+01
1.476321252120421335e+01
1.478231111437523815e+01
1.480140970754626650e+01
1.482050830071729486e+01
1.483960689388832144e+01
1.485870548705934979e+01
1.487780408023037637e+01
1.489690267340140295e+01
1.491600126657243131e+01
1.493509985974345966e+01
1.495419845291448446e+01
1.497329704608551282e+01
1.499239563925654117e+01
1.501149423242756775e+01
1.503059282559859611e+01
1.504969141876962446e+01
1.506879001194065282e+01
1.508788860511167762e+01
1.510698719828270598e+01
1.512608579145373433e+01
1.514518438462476091e+01
1.516428297779578749e+01
1.518338157096681584e+01
1.520248016413784242e+01
1.522157875730887078e+01
1.524067735047989913e+01
1.525977594365092394e+01
1.527887453682195229e+01
1.529797312999298065e+01
1.531707172316400722e+01
1.533617031633503558e+01
1.535526890950606393e+01
1.537436750267708874e+01
1.539346609584811709e+01
1.541256468901914545e+01
1.543166328219017203e+01
1.545076187536120038e+01
1.546986046853222696e+01
1.548895906170325354e+01
1.550805765487428189e+01
1.552715624804531025e+01
1.554625484121633860e+01
1.556535343438736341e+01
1.558445202755839176e+01
1.560355062072942012e+01
1.562264921390044670e+01
1.564174780707147505e+01
1.566084640024250341e+01
1.567994499341352821e+01
1.569904358658455656e+01
1.571814217975558492e+01
1.573724077292661150e+01
1.575633936609763808e+01
1.577543795926866643e+01
1.579453655243969301e+01
1.581363514561072137e+01
1.583273373878174972e+01
1.585183233195277452e+01
1.587093092512380288e+01
1.589002951829483123e+01
1.590912811146585781e+01
1.592822670463688617e+01
1.594732529780791452e+01
1.596642389097893933e+01
1.598552248414996768e+01
1.600462107732099426e+01
1.602371967049202439e+01
1.604281826366305097e+01
1.606191685683407755e+01
1.608101545000510768e+01
1.610011404317613071e+01
1.611921263634716084e+01
1.613831122951818742e+01
1.615740982268921400e+01
1.617650841586024413e+01
1.619560700903127071e+01
1.621470560220229729e+01
1.623380419537332386e+01
1.625290278854435400e+01
1.627200138171538057e+01
1.629109997488640715e+01
1.631019856805743373e+01
1.632929716122846031e+01
1.634839575439949044e+01
1.636749434757051702e+01
1.638659294074154360e+01
1.640569153391257018e+01
1.642479012708360031e+01
1.644388872025462689e+01
1.646298731342565347e+01
1.648208590659668360e+01
1.650118449976771018e+01
1.652028309293873676e+01
1.653938168610976334e+01
1.655848027928079347e+01
1.657757887245182005e+01
1.659667746562284663e+01
1.661577605879387320e+01
1.663487465196489978e+01
1.665397324513592991e+01
1.667307183830695649e+01
1.669217043147798307e+01
1.671126902464900965e+01
1.673036761782003978e+01
1.674946621099106636e+01
1.676856480416209294e+01
1.678766339733312307e+01
1.680676199050414610e+01
1.682586058367517623e+01
1.684495917684620281e+01
1.686405777001722939e+01
1.688315636318825597e+01
1.690225495635928610e+01
1.692135354953031268e+01
1.694045214270133926e+01
1.695955073587236939e+01
1.697864932904339597e+01
1.699774792221442254e+01
1.701684651538544912e+01
1.703594510855647925e+01
1.705504370172750583e+01
1.707414229489853241e+01
1.709324088806955899e+01
1.711233948124058557e+01
1.713143807441161570e+01
1.715053666758264228e+01
1.716963526075366886e+01
1.718873385392469544e+01
1.720783244709572557e+01
1.722693104026675215e+01
1.724602963343777873e+01
1.726512822660880886e+01
1.728422681977983189e+01
1.730332541295086202e+01
1.732242400612188860e+01
1.734152259929291517e+01
1.736062119246394531e+01
1.737971978563497188e+01
1.739881837880599846e+01
1.741791697197702504e+01
1.743701556514805517e+01
1.745611415831908175e+01
1.747521275149010833e+01
1.749431134466113491e+01
1.751340993783216504e+01
1.753250853100319162e+01
1.755160712417421820e+01
1.757070571734524833e+01
1.758980431051627136e+01
1.760890290368730149e+01
1.762800149685832807e+01
1.764710009002935465e+01
1.766619868320038123e+01
1.768529727637141136e+01
1.770439586954243794e+01
1.772349446271346451e+01
1.774259305588449465e+01
1.776169164905551767e+01
1.778079024222654780e+01
1.779988883539757438e+01
1.781898742856860096e+01
1.783808602173963109e+01
1.785718461491065767e+01
1.787628320808168425e+01
1.789538180125271083e+01
1.791448039442374096e+01
1.793357898759476754e+01
1.795267758076579412e+01
1.797177617393682070e+01
1.799087476710785083e+01
1.800997336027887741e+01
1.802907195344990399e+01
1.804817054662093412e+01
1.806726913979195714e+01
1.808636773296298728e+01
1.810546632613401385e+01
1.812456491930504043e+01
1.814366351247607057e+01
1.816276210564709714e+01
1.818186069881812372e+01
1.820095929198915030e+01
1.822005788516018043e+01
1.823915647833120701e+01
1.825825507150223359e+01
1.827735366467326017e+01
1.829645225784428675e+01
1.831555085101531688e+01
1.833464944418634346e+01
1.835374803735737004e+01
1.837284663052839662e+01
1.839194522369942675e+01
1.841104381687045333e+01
1.843014241004147991e+01
1.844924100321251004e+01
1.846833959638353662e+01
1.848743818955456319e+01
1.850653678272558977e+01
1.852563537589661991e+01
1.854473396906764293e+01
1.856383256223867306e+01
1.858293115540969964e+01
1.860202974858072622e+01
1.862112834175175635e+01
1.864022693492278293e+01
1.865932552809380951e+01
1.867842412126483609e+01
1.869752271443586622e+01
1.871662130760689280e+01
1.873571990077791938e+01
1.875481849394894596e+01
1.877391708711997254e+01
1.879301568029100267e+01
1.881211427346202925e+01
1.883121286663305582e+01
1.885031145980408240e+01
1.886941005297511254e+01
1.888850864614613911e+01
1.890760723931716569e+01
1.892670583248819582e+01
1.894580442565922240e+01
1.896490301883024898e+01
1.898400161200127556e+01
1.900310020517230569e+01
1.902219879834333227e+01
1.904129739151435885e+01
1.906039598468538543e+01
1.907949457785641201e+01
1.909859317102744214e+01
