1.105247841466907843e+01
1.105895022893078128e+01
1.106975686369511358e+01
1.108483435025673991e+01
1.110421247796373478e+01
1.112781755737612954e+01
1.115562512987129651e+01
1.118761387254745721e+01
1.122373047815016633e+01
1.126395268306139030e+01
1.130816697418637240e+01
1.135633729073534148e+01
1.140839966400296035e+01
1.146427695525632906e+01
1.152387289786535973e+01
1.158715958391449163e+01
1.165397991378915421e+01
1.172425612161227093e+01
1.179795246016616161e+01
1.187486134473057398e+01
1.195496552884083208e+01
1.203809411571062959e+01
1.212418282306254369e+01
1.221305071980355272e+01
1.230464042224210353e+01
1.239878260145231259e+01
1.249533332784717921e+01
1.259420887768001407e+01
1.269522612485319613e+01
1.279829413346208611e+01
1.290322789597654918e+01
1.300991452644599455e+01
1.311818469594453873e+01
1.322788475415054954e+01
1.333891435799683478e+01
1.345109163567410704e+01
1.356427547974413983e+01
1.367831537560613775e+01
1.379306080865932138e+01
1.390833931425695269e+01
1.402402546356504587e+01
1.413999382774961155e+01
1.425598727770098151e+01
1.437198386337319356e+01
1.448775154142337662e+01
1.460321505455114277e+01
1.471813295225105911e+01
1.483245506298953309e+01
1.494597756491132934e+01
1.505855621485737039e+01
1.517006558399365623e+01
1.528041473641555648e+01
1.538940925743038335e+01
1.549694253252924803e+01
1.560288599715731550e+01
1.570712049392229126e+01
1.580950177966509962e+01
1.590995773280618231e+01
1.600831588869881728e+01
1.610449471860091109e+01
1.619843150809546017e+01
1.628993497821064551e+01
1.637900826466730919e+01
1.646547576709787108e+01
1.654925282103938500e+01
1.663030806928335892e+01
1.670851608299579993e+01
1.678382041920141887e+01
1.685617090636661786e+01
1.692543897993655477e+01
1.699164658995718469e+01
1.705465576471111788e+01
1.711450726856940108e+01
1.717109448702313657e+01
1.722437979142214814e+01
1.727432868883706263e+01
1.732095372215129814e+01
1.736417963406445253e+01
1.740400956029738211e+01
1.744040587219988225e+01
1.747340933414301389e+01
1.750291960305956351e+01
1.752903702201674108e+01
1.755175531957284107e+01
1.757100237414831412e+01
1.758692242890225899e+01
1.759941514076747637e+01
1.760856830992775812e+01
1.761436939349970743e+01
1.761691873455051649e+01
1.761616302582573823e+01
1.761223396760106041e+01
1.760508765978458712e+01
1.759488402413965602e+01
1.758158229629521685e+01
1.756524832638911349e+01
1.754600754325533529e+01
1.752387248977728262e+01
1.749889020176769705e+01
1.747117983661887308e+01
1.744083233023544466e+01
1.740786963266336684e+01
1.737240462985322864e+01
1.733447495045521691e+01
1.729422170190758123e+01
1.725170446290645643e+01
1.720698281214799152e+01
1.716019785707042189e+01
1.711143739785753937e+01
1.706073279171784662e+01
1.700825963901891669e+01
1.695409006134029539e+01
1.689829304454067938e+01
1.684095011736215852e+01
1.678226823738081563e+01
1.672220036878390559e+01
1.666092211193901207e+01
1.659854321707586777e+01
1.653516716298252121e+01
1.647085666407596349e+01
1.640574655635272805e+01
1.633989014706726550e+01
1.627344108654120802e+01
1.620646522491240304e+01
1.613906290524803566e+01
1.607134701349869843e+01
1.600336144975628727e+01
1.593524105001733915e+01
1.586709242879074111e+01
1.579897202905179121e+01
1.573100527963448236e+01
1.566325489495579859e+01
1.559579613231613671e+01
1.552873247050353811e+01
1.546213289537669766e+01
1.539608520711940010e+01
1.533063957726524862e+01
1.526595279185672638e+01
1.520200290084788008e+01
1.513889965446846020e+01
1.507669949569375056e+01
1.501550276759094515e+01
1.495536591313534025e+01
1.489627952516438647e+01
1.483838784683717016e+01
1.478169714959538794e+01
1.472629836934368619e+01
1.467216328459440966e+01
1.461942359562325677e+01
1.456809498103446820e+01
1.451821506947824147e+01
1.446979326811712774e+01
1.442290169853066928e+01
1.437755603932311388e+01
1.433380019058636101e+01
1.429164983092465135e+01
1.425111123177968686e+01
1.421224397184762189e+01
1.417503550824504721e+01
1.413951092673876175e+01
1.410568590593301153e+01
1.407356358154865639e+01
1.404315649646908604e+01
1.401446778641515323e+01
1.398749745138685618e+01
1.396225176282589864e+01
1.393871817784887490e+01
1.391689356073494466e+01
1.389677164004240240e+01
1.387834928005039536e+01
1.386160453071298093e+01
1.384652484914675874e+01
1.383309455674747923e+01
1.382129483919004720e+01
1.381110374642851468e+01
1.380249932841692839e+01
1.379545649938849294e+01
1.378994703785556908e+01
1.378595212949304560e+01
1.378342473848818450e+01
1.378234918623673622e+01
1.378267843692595740e+01
1.378439367623074041e+01
1.378744786833835434e+01
1.379180338459859279e+01
1.379742886780295841e+01
1.380427728213870786e+01
1.381230472751395055e+01
1.382148611816188044e+01
1.383176187538635737e+01
1.384308496337463446e+01
1.385542716063906532e+01
1.386872888848350627e+01
1.388295251825775622e+01
1.389804787842822797e+01
1.391396166174047089e+01
1.393064996810259082e+01
1.394806889742269007e+01
1.396615887100463027e+01
1.398486971731480644e+01
1.400415753626132975e+01
1.402397842775230075e+01
1.404427281309158282e+01
1.406498738502471824e+01
1.408606883629727058e+01
1.410747326681734570e+01
1.412915050505134040e+01
1.415104410802396728e+01
1.417310703992247767e+01
1.419528912921327723e+01
1.421752452575852210e+01
1.423977873662886395e+01
1.426199218312815908e+01
1.428411782944366415e+01
1.430611177548348145e+01
1.432791130683061631e+01
1.434946625195147440e+01
1.437073584647501079e+01
1.439166991886762759e+01
1.441221202615403385e+01
1.443230572535892975e+01
1.445195728792401901e+01
1.447102560641106095e+01
1.448954830947025840e+01
1.450742191831356287e+01
1.452466211154523457e+01
1.454116227465637046e+01
1.455688164327592915e+01
1.457182962456646358e+01
1.458589960401908314e+01
1.459909471735463349e+01
1.461134911443526896e+01
1.462261889516910252e+01
1.463288210951018264e+01
1.464207604304151289e+01
1.465016933855459769e+01
1.465709301019074040e+01
1.466290036520438989e+01
1.466747851764495891e+01
1.467077416025799685e+01
1.467279670020605309e+01
1.467350223739723525e+01
1.467284060029794546e+01
1.467081806034989100e+01
1.466735622453181875e+01
1.466239237842673937e+01
1.465602059366014309e+01
1.464807781274784659e+01
1.463861420722344064e+01
1.462758901271588741e+01
1.461496146485413128e+01
1.460069079926713087e+01
1.458476760879234213e+01
1.456721384347570059e+01
1.454791975308747887e+01
1.452691355911531979e+01
1.450419212583836881e+01
1.447967392451454494e+01
1.445341226239828103e+01
1.442534128935174031e+01
1.439546414109576666e+01
1.436375573186357180e+01
1.433021292593429941e+01
1.429482004470370171e+01
1.425755827384668173e+01
1.421843074908408333e+01
1.417741238464912001e+01
1.413450631626263387e+01
1.408970940820377571e+01
1.404301225330999969e+01
1.399441171586045130e+01
1.394389525297173904e+01
1.389148167896895103e+01
1.383715531524784481e+01
1.378092556897097154e+01
1.372279557585917686e+01
1.366276847163331354e+01
1.360085052773507641e+01
1.353704174416447081e+01
1.347136407096743937e+01
1.340382691530653325e+01
1.333443341290260697e+01
1.326320551380160495e+01
1.319014948944522203e+01
1.311528101843771488e+01
1.303862832226672097e+01
1.296019767237395293e+01
1.288001729024704645e+01
1.279810599021110207e+01
1.271448885803292228e+01
1.262919097947930247e+01
1.254224057603788722e+01
1.245365332631292610e+01
1.236346999467546759e+01
1.227171253117145611e+01
1.217841856445109272e+01
1.208361631600202202e+01
1.198734655019528894e+01
1.188963748851854518e+01
1.179052048818028098e+01
1.169004885643494518e+01
1.158825081477018948e+01
1.148516399183620074e+01
1.138083228772488020e+01
1.127530273824897655e+01
1.116861610777952940e+01
1.106080688924589062e+01
1.095193466134420390e+01
1.084204018844551065e+01
1.073115796347916451e+01
1.061935697230385145e+01
1.050667170784892335e+01
1.039315234164797452e+01
1.027884904523459930e+01
1.016381826158409218e+01
1.004811329795090380e+01
9.931771782985221009e+00
9.814850159662345419e+00
9.697411142399268158e+00
9.579492359846186744e+00
9.461159662140941506e+00
9.342469492258834052e+00
9.223456343129205592e+00
9.104192336331598412e+00
8.984718863381235820e+00
8.865096757262595162e+00
8.745380265946376852e+00
8.625623637403286637e+00
8.505871712441466670e+00
8.386187832622086447e+00
8.266629068064609953e+00
8.147230225270469361e+00
8.028057154377505000e+00
7.909153755477615455e+00
7.790583370131964891e+00
7.672392093437043314e+00
7.554626647633512881e+00
7.437330932813267736e+00
7.320569544825810127e+00
7.204378544460914746e+00
7.088809984684685261e+00
6.973913723458632141e+00
6.859728957293376617e+00
6.746300840569154467e+00
6.633676409098711702e+00
6.521897995113516089e+00
6.411003227263769588e+00
6.301036319213449310e+00
6.192033331752328174e+00
6.084031579958517177e+00
5.977072455347231639e+00
5.871189823703650390e+00
5.766415355808351961e+00
5.662781663158177992e+00
5.560322611538301985e+00
5.459067049580541564e+00
5.359044453060884727e+00
5.260279594174043893e+00
5.162801948696004395e+00
5.066627822375189716e+00
4.971791708140940180e+00
4.878304894588319840e+00
4.786189331763273991e+00
4.695466656139666739e+00
4.606150664889235635e+00
4.518257350188314980e+00
4.431799882064472840e+00
4.346788921968600228e+00
4.263238267072432031e+00
4.181156728751560969e+00
4.100550453018847463e+00
4.021423484954190108e+00
3.943782785857874895e+00
3.867634000027432073e+00
3.792969758518864420e+00
3.719802478786736089e+00
3.648124290171714801e+00
3.577927666943760965e+00
3.509222549337968289e+00
3.441998056402988393e+00
3.376241457112171496e+00
3.311953974396649070e+00
3.249122751800937348e+00
3.187734838797926962e+00
3.127786974237934281e+00
3.069256392787589327e+00
3.012139457010708732e+00
2.956418669584949921e+00
2.902077818833519451e+00
2.849099031147574568e+00
2.797468822927461574e+00
2.747169069706668854e+00
2.698173023786348157e+00
2.650472939936002081e+00
2.604043638317206089e+00
2.558858528017156075e+00
2.514908170516092500e+00
2.472159672102304029e+00
2.430594249807899843e+00
2.390187539081877865e+00
2.350914830443942005e+00
2.312754926421149104e+00
2.275689483046527961e+00
2.239677579162990373e+00
2.204704759097418254e+00
2.170749637233617690e+00
2.137774584921391607e+00
2.105764958344372939e+00
2.074698901528237105e+00
2.044539601110210825e+00
2.015257487242680057e+00
1.986843466335180830e+00
1.959262481028614333e+00
1.932490198129185766e+00
1.906499838580838935e+00
1.881273215202646343e+00
1.856783360795299709e+00
1.833001865727901247e+00
1.809902609445772192e+00
1.787475212712901218e+00
1.765681168877252460e+00
1.744506806195922133e+00
1.723927007544904244e+00
1.703918255017825567e+00
1.684461514789129311e+00
1.665537282675128683e+00
1.647123577272668671e+00
1.629197256961878226e+00
1.611745998359817467e+00
1.594741830836507779e+00
1.578178608379082526e+00
1.562031715578873214e+00
1.546279139675513559e+00
1.530918748378826022e+00
1.515923793989963242e+00
1.501279444549306064e+00
1.486977923469146035e+00
1.473008130297676743e+00
1.459343975837427587e+00
1.445985491445608062e+00
1.432918754521644633e+00
1.420131159467721726e+00
1.407613016906413828e+00
1.395356330749554230e+00
1.383347554683071801e+00
1.371586061562797276e+00
1.360063510371270379e+00
1.348768267584137925e+00
1.337693685473199334e+00
1.326842084471883121e+00
1.316205844778524536e+00
1.305775496516157208e+00
1.295549973539692923e+00
1.285529401277964778e+00
1.275709201578532737e+00
1.266089468513022398e+00
1.256665341714116479e+00
1.247436821181814981e+00
1.238404314559828467e+00
1.229568699849994395e+00
1.220931858484823662e+00
1.212491156458801678e+00
1.204248443847229844e+00
1.196207891158838299e+00
1.188368055962036207e+00
1.180734519839936159e+00
1.173312174517063822e+00
1.166098605488364193e+00
1.159100585910873615e+00
1.152319181929680525e+00
1.145763549849665663e+00
1.139431369237401181e+00
1.133331984541018356e+00
1.127467277193027195e+00
1.121842358418412733e+00
1.116465820092303440e+00
1.111335937568231680e+00
1.106458637358603836e+00
1.101844518199891265e+00
1.097496057311565743e+00
1.093414603053592282e+00
1.089611444021030051e+00
1.086088210788720643e+00
1.082849763723981340e+00
1.079899928406248710e+00
1.077250150216624069e+00
1.074898265507721273e+00
1.072851956795622064e+00
1.071117558236442946e+00
1.069697045334319085e+00
1.068596093743988229e+00
1.067819469761142281e+00
1.067373789756773883e+00
1.067255667152365639e+00
1.067478083832235081e+00
1.068037998147157941e+00
1.068941399323957597e+00
1.070191673941151222e+00
1.071790546645206010e+00
1.073741880644209390e+00
1.076049721018057514e+00
1.078714334303021882e+00
1.081738335690291652e+00
1.085125795345529776e+00
1.088872599202981073e+00
1.092984103073857183e+00
1.097461050123999637e+00
1.102307033889501575e+00
1.107518965685326595e+00
1.113092430416518175e+00
1.119036364887497692e+00
1.125345679823326561e+00
1.132020002073223397e+00
1.139060237860513469e+00
1.146462291933767697e+00
1.154226484136512187e+00
1.162351764002262922e+00
1.170836115262512633e+00
1.179673705476481649e+00
1.188868736510108270e+00
1.198412271558971121e+00
1.208298321396246822e+00
1.218531025173457127e+00
1.229106212381872121e+00
1.240015447932405923e+00
1.251254686745162603e+00
1.262823552533639759e+00
1.274712606778080071e+00
1.286923291910074818e+00
1.299443190475058296e+00
1.312270138825645249e+00
1.325400436811232208e+00
1.338819942330786938e+00
1.352532700464206483e+00
1.366527861617350181e+00
1.380799311134560892e+00
1.395339962286718860e+00
1.410140376554065655e+00
1.425200867508687796e+00
1.440502903040361993e+00
1.456046075505378345e+00
1.471822953245322863e+00
1.487819206015912776e+00
1.504037185607785654e+00
1.520458892983263199e+00
1.537076865126724146e+00
1.553889910464244517e+00
1.570879779100479823e+00
1.588040920809526080e+00
1.605365809861343696e+00
1.622847265455186649e+00
1.640468448770093124e+00
1.658225879155919014e+00
1.676109647734779218e+00
1.694105330190765368e+00
1.712205463508255088e+00
1.730400044737737897e+00
1.748683241438433456e+00
1.767034357852732995e+00
1.785452798193676305e+00
1.803922382141678327e+00
1.822435270394614282e+00
1.840980582001136456e+00
1.859544206217420781e+00
1.878118397812968521e+00
1.896695003913570599e+00
1.915256840768970736e+00
1.933794877503121734e+00
1.952298421307925524e+00
1.970760949884015734e+00
1.989165561696011775e+00
2.007502567366487689e+00
2.025759988441798498e+00
2.043926285469217063e+00
2.061989229137429547e+00
2.079939412283886124e+00
2.097770814324556810e+00
2.115465248078511884e+00
2.133012052094862998e+00
2.150396425771198938e+00
2.167612379880698548e+00
2.184650444546393455e+00
2.201496791239338613e+00
2.218139127933801191e+00
2.234567357608645999e+00
2.250766648304254325e+00
2.266738160237340871e+00
2.282455553352765953e+00
2.297917385218941622e+00
2.313112335883598103e+00
2.328025886959203206e+00
2.342648160925078660e+00
2.356969063895809846e+00
2.370985657700961369e+00
2.384675876272912554e+00
2.398033021711929891e+00
2.411053224538483253e+00
2.423724136283868180e+00
2.436029338313714376e+00
2.447971539890836823e+00
2.459535576669205525e+00
2.470707541726852696e+00
2.481481060143290396e+00
2.491852572875354888e+00
2.501812898532397078e+00
2.511348751065177964e+00
2.520459744780032985e+00
2.529123866916595631e+00
2.537350399208583074e+00
2.545126171628425915e+00
2.552439143008061517e+00
2.559289313347488104e+00
2.565663167689845814e+00
2.571568169050755248e+00
2.576981740240099406e+00
2.581911093415832692e+00
2.586342744978300523e+00
2.590278011930260860e+00
2.593714385695033986e+00
2.596635654595825571e+00
2.599046898500412706e+00
2.600944730830278662e+00
2.602327050652453622e+00
2.603185579663893634e+00
2.603521666224564601e+00
2.603332331399660138e+00
2.602613059751154978e+00
2.601369056575660643e+00
2.599598032796957003e+00
2.597292399970587695e+00
2.594459934684258950e+00
2.591096811358535756e+00
2.587204284281757083e+00
2.582782039881837299e+00
2.577838889534366018e+00
2.572363576001491126e+00
2.566366509876434332e+00
2.559849008161951822e+00
2.552814332007728115e+00
2.545262920414681496e+00
2.537197689603202466e+00
2.528630774812980153e+00
2.519556657175318293e+00
2.509984963353224963e+00
2.499919989284265398e+00
2.489364431688369628e+00
2.478329547803387989e+00
2.466812327337305266e+00
2.454830424398505073e+00
2.442381299053099308e+00
2.429479062044911153e+00
2.416128103383130554e+00
2.402330618072352486e+00
2.388101030428484872e+00
2.373443103316548619e+00
2.358372201768705434e+00
2.342889893645382138e+00
2.327011543978740882e+00
2.310739347773377084e+00
2.294085220768518951e+00
2.277063273707991442e+00
2.259683540898512533e+00
2.241944140907572436e+00
2.223870786646139130e+00
2.205459903392443799e+00
2.186732625905013716e+00
2.167696229056219170e+00
2.148364227802924020e+00
2.128741357083610009e+00
2.108847654154506923e+00
2.088688669241519413e+00
2.068273339149067969e+00
2.047620321416209865e+00
2.026733128050295374e+00
2.005632486166142314e+00
1.984324635848240037e+00
1.962821931836737477e+00
1.941136697514573628e+00
1.919277367970834369e+00
1.897263622989572962e+00
1.875099068649764611e+00
1.852797542887521409e+00
1.830373087460807291e+00
1.807834360094887627e+00
1.785199620092271511e+00
1.762467807579310541e+00
1.739666476135112161e+00
1.716792866325328015e+00
1.693865133973678105e+00
1.670893187958047310e+00
1.647891891595263392e+00
1.624864004319673594e+00
1.601824232662063530e+00
1.578783614359824616e+00
1.555751619289921894e+00
1.532741950552469090e+00
1.509755956507431662e+00
1.486814458341251255e+00
1.463919274772021106e+00
1.441082478325012683e+00
1.418315827953411601e+00
1.395623023807821550e+00
1.373016546057223453e+00
1.350507557867842712e+00
1.328098003386606107e+00
1.305798544064402655e+00
1.283617897205194369e+00
1.261565940329657964e+00
1.239643708225673269e+00
1.217868196500246691e+00
1.196239969583130502e+00
1.174762414052842985e+00
1.153450361869002183e+00
1.132299924737755648e+00
1.111325558332219465e+00
1.090530743302537298e+00
1.069921688375991664e+00
1.049502407275270333e+00
1.029273433072916744e+00
1.009247402723956633e+00
9.894238772274700500e-01
9.698083127377358226e-01
9.504045034769820210e-01
9.312159928097688555e-01
9.122459164569459711e-01
8.934987271421200861e-01
8.749763062978008765e-01
8.566815074299614086e-01
8.386174035450347786e-01
8.207853116457776155e-01
8.031883360958314011e-01
7.858279193267865281e-01
7.687058486995275164e-01
7.518232530735605712e-01
7.351811672367656314e-01
7.187815980504869140e-01
7.026236675128859632e-01
6.867095079141414260e-01
6.710395268979629790e-01
6.556136617499339625e-01
6.404311912542589580e-01
6.254936832713625661e-01
6.108001343705731223e-01
5.963497292644697190e-01
5.821428755967628099e-01
5.681781622930698328e-01
5.544554012101400309e-01
5.409730872019654635e-01
5.277308753392526697e-01
5.147263197597387041e-01
5.019598594643428502e-01
4.894289231619681213e-01
4.771325387791511830e-01
4.650682290964207599e-01
4.532357746133175436e-01
4.416319455373658998e-01
4.302563969392728116e-01
4.191053345968099308e-01
4.081786330811433272e-01
3.974729998853806512e-01
3.869868044346803093e-01
3.767173813663199367e-01
3.666628806049981870e-01
3.568210350245407669e-01
3.471890256119037899e-01
3.377650273775526513e-01
3.285466509021999770e-01
3.195305472359781795e-01
3.107154056475722737e-01
3.020980327188686476e-01
2.936760393441522066e-01
2.854469737032903631e-01
2.774077536962599733e-01
2.695563194680349328e-01
2.618899460771967891e-01
2.544057800177723094e-01
2.471015133992162938e-01
2.399747724808451999e-01
2.330220515267493464e-01
2.262417199620866959e-01
2.196300745005338173e-01
2.131856915248249440e-01
2.069049586845412292e-01
2.007857248751797885e-01
1.948250958263963162e-01
1.890205629615110405e-01
1.833699626331377341e-01
1.778704726925115498e-01
1.725190828476168559e-01
1.673138803087353410e-01
1.622521997131447513e-01
1.573307485539528761e-01
1.525481784711942845e-01
1.479013537440194148e-01
1.433875462952888813e-01
1.390050628357439311e-01
1.347509871449943664e-01
1.306226852175263464e-01
1.266181501919960983e-01
1.227348734917238920e-01
1.189701897539874598e-01
1.153223429751109447e-01
1.117882601486616390e-01
1.083663106997977271e-01
1.050538919802139481e-01
1.018483386271880342e-01
9.874802006587816983e-02
9.575020821914509428e-02
9.285302165447897882e-02
9.005398315240856211e-02
8.735102313717305056e-02
8.474200931859465769e-02
8.222462126324457665e-02
7.979682075257049645e-02
7.745650685360316867e-02
7.520154727616472357e-02
7.302987244449440918e-02
7.093935006841441127e-02
6.892797328658090139e-02
6.699382930927556823e-02
6.513475448911214272e-02
6.334886739358078223e-02
6.163412980412917574e-02
5.998866028824752228e-02
5.841048334180050372e-02
5.689773007516166908e-02
5.544854100586717183e-02
5.406098766559443158e-02
5.273331405066761929e-02
5.146362618569352843e-02
5.025021510280906073e-02
4.909135929126770548e-02
4.798517104711797626e-02
4.692999784547205455e-02
4.592424360441745013e-02
4.496610842018644583e-02
4.405397739654143274e-02
4.318628267305756746e-02
4.236149088223932491e-02
4.157790246338619045e-02
4.083413142788258621e-02
4.012855033660751164e-02
3.945977320094539581e-02
3.882638581079304180e-02
3.822687047725916581e-02
3.765999486204985730e-02
3.712417856185685344e-02
3.661834602442870512e-02
3.614113634691665938e-02
3.569119803363447058e-02
3.526748688953920685e-02
3.486859811169017165e-02
3.449358784811164258e-02
3.414115163893011867e-02
3.381033936072815049e-02
3.349998452534964921e-02
3.320917463802734032e-02
3.293679024641788661e-02
3.268202547026291538e-02
3.244381416447352645e-02
3.222135044879134713e-02
3.201376886426185453e-02
3.182026353062667595e-02
3.164005678911509939e-02
3.147227063788918949e-02
3.131634378291685283e-02
3.117148288682312918e-02
3.103709216264655471e-02
3.091246607319595927e-02
3.079709663169368644e-02
3.069035669396979332e-02
3.059174768040918632e-02
3.050077728283844686e-02
3.041687166434209680e-02
3.033970157423090605e-02
3.026877784005232302e-02
3.020367086804993592e-02
3.014412980055577312e-02
3.008966860083813269e-02
3.004008344704178421e-02
2.999503568131494172e-02
2.995423368161860903e-02
2.991742972600565029e-02
2.988437609252892965e-02
2.985491285942511522e-02
2.982884247628068974e-02
2.980589213538171328e-02
2.978600539375289916e-02
2.976895334377221286e-02
2.975471717111456346e-02
2.974311500397065766e-02
2.973403082066906553e-02
2.972736427814260188e-02
2.972305579769510264e-02
2.972109283644319006e-02
2.972132487978607074e-02
2.972373311339864682e-02
2.972824855142221570e-02
2.973482729376488928e-02
2.974352264768111154e-02
2.975414333419906104e-02
2.976674893201487065e-02
2.978133944112853343e-02
2.979786782572732551e-02
2.981625882851082765e-02
2.983648736371226698e-02
2.985860987430691629e-02
2.988252915294845394e-02
2.990824833535771221e-02
2.993567021418837293e-02
2.996485123241570195e-02
2.999567536836828668e-02
3.002819279357971105e-02
3.006221850051983557e-02
3.009783401793076837e-02
3.013488255977000291e-02
3.017337353320010893e-02
3.021315015217859029e-02
3.025418105949695402e-02
3.029641608362160232e-02
3.033977683153129407e-02
3.038406261709165543e-02
3.042926716886096977e-02
3.047522429363421978e-02
3.052185246266930774e-02
3.056908896154922686e-02
3.061669547548942494e-02
3.066461242579373095e-02
3.071269870502392821e-02
3.076072226983712909e-02
3.080865803446653992e-02
3.085627709129012963e-02
3.090347282579900684e-02
3.095003200897539913e-02
3.099582294054361101e-02
3.104061044143992254e-02
3.108434120440987589e-02
3.112678318611060771e-02
3.116769180031583875e-02
3.120698551828347128e-02
3.124448560392506166e-02
3.127988475659736894e-02
3.131317670485866261e-02
3.134406041950738714e-02
3.137245750752229445e-02
3.139806380398097591e-02
3.142082600162895978e-02
3.144055282149444547e-02
3.145700281307198948e-02
3.147005995469014800e-02
3.147961763184004003e-02
3.148542812257455054e-02
3.148742244103495957e-02
3.148540930824944573e-02
3.147923820961722602e-02
3.146885897360471307e-02
3.145407718551921500e-02
3.143480190945608516e-02
3.141089830941880268e-02
3.138237579256990262e-02
3.134894900831206727e-02
3.131071516399164256e-02
3.126748611635763592e-02
3.121929008689770108e-02
3.116605808975314237e-02
3.110764901748572231e-02
3.104411617734989179e-02
3.097547838367074174e-02
3.090152240743049283e-02
3.082245834192607822e-02
3.073826110139070422e-02
3.064881152843207737e-02
3.055430717346373226e-02
3.045462574337251885e-02
3.034989893843413611e-02
3.024012989436943369e-02
3.012547539722089385e-02
3.000587900401322991e-02
2.988151945083484390e-02
2.975244377349852559e-02
2.961873977218803730e-02
2.948053287573737524e-02
2.933795164870138528e-02
2.919105253405533673e-02
2.904005816797959258e-02
2.888501558628688362e-02
2.872610352506562229e-02
2.856341605594133609e-02
2.839716013649008428e-02
2.822744865266246100e-02
2.805449483347623174e-02
2.787839275055691707e-02
2.769934309003886652e-02
2.751747755219779296e-02
2.733306580902676586e-02
2.714614548917596015e-02
2.695692982166317947e-02
2.676562262834365075e-02
2.657233365944710810e-02
2.637728241543303362e-02
