1.9827746448580208 -21.2124014123918130
0.9913056113790237 -20.3567160582775486
0.9247217450203242 -20.2923698185033174
1.0285299640299819 -20.3929998137725192
1.0280859428770324 -20.3921452327043191
1.1089189184158807 -20.4700582923284315
0.9998480022389802 -20.3653430541979752
0.9669892125732928 -20.3311303883627659
0.9522781015366675 -20.3174664300219270
0.9521122040939135 -20.3170974204653376
1.0578968563386879 -20.4206025621156471
0.9960346850227323 -20.3607024862809602
0.9976506485342707 -20.3623085944976800
1.0517951930332756 -20.4140535061560691
0.9793798157575714 -20.3442057144543611
1.0203749992361038 -20.3852255725900875
1.0432458551774522 -20.4071959669897289
1.0183909667065139 -20.3823573057217224
1.0397930787842946 -20.4033747772075351
0.9896061984978609 -20.3549328728708048
1.0188373907159478 -20.3807481992984023
1.0611374361652199 -20.4280148345838235
1.0008656553536524 -20.3659794237657792
1.0120956511747989 -20.3774699142854097
1.0042929194691201 -20.3703934702012326
1.0721755222230449 -20.4347449291095771
0.9748596338104388 -20.3446630798630252
0.9430287024390307 -20.3097251651533917
0.9706561735377024 -20.3376301828083825
0.9207271101411932 -20.2899022855132465
1.0014992771910416 -20.3662183912710120
1.0145691509959682 -20.3808960464233095
0.9456294130200583 -20.3127801373771177
0.9369606306063024 -20.3021079996431943
1.0186264050764473 -20.3824035020710888
1.0518244130882413 -20.4150890007429240
1.0360386192073829 -20.3992755558407133
1.0126406821596676 -20.3770357671193949
1.0438933856221067 -20.4057335505873887
0.9631395713731226 -20.3317695845776640
0.9993542388626391 -20.3665355344023986
1.0407554644922732 -20.4039327377380353
1.0557929281299803 -20.4189755329393279
1.0073523114701102 -20.3732710175705733
0.9524210926128233 -20.3174892832392366
0.9981951955024395 -20.3610977864597729
1.0335866650278631 -20.3997927061723310
1.0273985971078976 -20.3929712434631725
1.0055930709193519 -20.3717969419941518
0.9988095566655251 -20.3652727412471535
1.0393863295525343 -20.4041183834862743
1.0104555483332340 -20.3737616042741543
0.9743099388181705 -20.3400441401891037
0.9648250221375749 -20.3282089492192704
1.0049578466701996 -20.3712162288466132
1.0570442606667574 -20.4188370107285557
1.0089514837793458 -20.3758108004855707
0.9578304193372257 -20.3240253618202757
1.0374749669165573 -20.4060959130167703
1.0326835284415123 -20.4006026670649625
1.0437447413916250 -20.4091441475070887
0.9955309940361458 -20.3611215851330236
1.0182544460428775 -20.3835649041333973
1.0082129834545213 -20.3718969664463891
0.9739732773906487 -20.3391978795438568
1.0433088072114949 -20.4066903205194592
1.0344044405816013 -20.3953883498556934
1.0206680540528672 -20.3831772106529989
0.9614199861457660 -20.3240969636672020
1.0328573124892955 -20.3962825583224969
1.0275133019730585 -20.3926123827631010
1.0158764717932909 -20.3840546967870999
1.0366196470711606 -20.4002504468739438
1.0455347317184613 -20.4129757942844776
1.0369010708475290 -20.4020371827301226
1.0472521105458066 -20.4130150870954417
0.9702465229854735 -20.3361014329752727
0.9674557278315127 -20.3331193423969907
1.0254695587565263 -20.3880252944121381
1.0691001962391948 -20.4338538202907820
1.0504840400680913 -20.4122769569621489
1.0093457712243066 -20.3771035632672550
1.0115410808885488 -20.3743598897708971
1.0473849141208582 -20.4093196371872878
1.0725278519705588 -20.4378895095461353
1.0145634481153913 -20.3801934053904183
1.0370914557726421 -20.4033498905038293
0.9393074304114741 -20.3070554072299743
1.0069022776211023 -20.3706887556480432
1.0680933941506003 -20.4321519588979115
1.0254073725896375 -20.3905535596245429
1.0246280032657791 -20.3910011203581014
1.0055915874937735 -20.3739866323382124
1.0631837103065500 -20.4224301795558425
0.9521553768799867 -20.3187584298219086
1.0497995743603536 -20.4146962690682514
0.9876829285245194 -20.3557898087316289
1.0672078663149065 -20.4299512769603631
1.0352069903985925 -20.4008107980307472
0.9947496889175407 -20.3613365768731818
1.0142101023618626 -20.3824659056116317
1.0164385116722681 -20.3789900176681975
1.0610555315117032 -20.4268824542818663
1.0165360049290819 -20.3793942564064352
0.9979324018315455 -20.3674968342510745
1.0316897508763343 -20.3997707657150222
1.0213385331380578 -20.3883682845291005
0.9661382744242656 -20.3335325307400616
1.0115168561452343 -20.3763003467229389
0.9151974739325888 -20.2869334481039019
1.0186922708667840 -20.3833949532112122
1.0056643260062788 -20.3702965778759157
1.0553944858789475 -20.4180005805214044
1.0101304483739650 -20.3784500464476430
1.0153154235601280 -20.3775566141243019
0.9973408799577396 -20.3602836897314887
1.0644245414625741 -20.4289329596956968
1.0062435349136034 -20.3714930508424850
1.0690018926043507 -20.4312797759288536
1.0427125500398153 -20.4045772299138797
1.0184435408774908 -20.3838951128800829
1.0371276835038075 -20.4004559002341033
1.0359044872977017 -20.4025822692893826
1.0598013597908684 -20.4258531910016572
1.0324727985632749 -20.3978594788644862
1.0238600155960738 -20.3891693552124096
1.0289624597995539 -20.3923590501946634
0.9991443333514969 -20.3651079642588613
0.9925595608222585 -20.3596003651859903
1.0396848168390720 -20.4037839200937405
1.0417873885111049 -20.4089805448225547
0.9608405533099470 -20.3280643527191565
1.0408000597534914 -20.4050646155204198
1.0132966878158873 -20.3788766641190584
0.9850692523271846 -20.3488233591511793
1.0076244621492987 -20.3732631921830354
1.0116683629072345 -20.3734426576934915
1.0306999999047703 -20.3957659881479820
1.0545516023822066 -20.4182761690513317
0.9831675427352886 -20.3498456575998681
1.0391113394875700 -20.4064403907397285
0.9862078084244766 -20.3535785994583946
1.0002519528389722 -20.3647337717837686
1.0299963592023913 -20.3960613635750647
1.0656884680378311 -20.4312638424618349
0.9766375626246177 -20.3431193719423966
1.0601396949068402 -20.4268369398411451
1.0126358481539077 -20.3780436232605595
0.9747028200454007 -20.3435141402743227
1.0420339617652690 -20.4112983507810917
1.0215788366821139 -20.3875599050599128
1.0768786543639024 -20.4392777236887291
1.0106609923434458 -20.3749019259371700
0.9665806289086607 -20.3340716451152446
1.0792019532010066 -20.4364568960196884
1.0426313018686286 -20.4055155566328139
1.0236379550405805 -20.3892687416539502
0.9914680934523091 -20.3568663095396012
1.0347388194124920 -20.3986689016445375
1.0701769519201378 -20.4348665914058074
1.0000726659537338 -20.3615183493559897
0.9984130062929374 -20.3641775514309309
1.0180842049862477 -20.3837167064858313
1.0181740607780805 -20.3847722801949089
1.0354896786280188 -20.4020891281478463
1.0621088166703592 -20.4253718034519025
0.9895105794533073 -20.3544784874619040
1.0238168270047781 -20.3892429079437107
1.0724003941092211 -20.4346999369006674
1.0655461971188613 -20.4246623409437085
1.0065751300208421 -20.3692832040769680
1.0217097805497994 -20.3846288034420695
1.0204578010553753 -20.3820760563037702
1.0557910095837797 -20.4186509445990083
1.0864304374566949 -20.4491840546127470
1.0138743657274552 -20.3785588158845634
1.0426750164787371 -20.4092896739070895
1.0164326588091834 -20.3839201510611900
1.0178976077551085 -20.3829480872189208
0.9787952196260890 -20.3463990843824796
1.0411094541549970 -20.4050560764100695
1.0601718718775355 -20.4250010434053273
0.9987451655368306 -20.3616482868771627
0.9641993144646612 -20.3310880434471244
1.0315780288759253 -20.3963088948406401
1.0629817530502095 -20.4268781733646989
0.9952902052777353 -20.3618696937107941
0.9961236407397395 -20.3606193949398069
1.0466478425966086 -20.4101433576314548
0.9937332441234472 -20.3575840246853268
1.0222159194038900 -20.3864281673138059
1.0292593209906724 -20.3956907731622969
1.0165404225255610 -20.3809960632250622
1.0444761056356187 -20.4084149824003092
1.0108480976412868 -20.3783077362779146
1.0132766071568422 -20.3778956673970661
1.0181964128577583 -20.3789508978186369
0.9992210987258238 -20.3633788477762252
1.0346926534056735 -20.3970202724471612
1.0151533470879486 -20.3792622956399470
