1.9827735176805765 -21.1125762594579918
0.9921907100116402 -20.1215445141161595
0.9232828166091258 -20.0544398673786333
1.0279440088651572 -20.1598645190612338
1.0356063753842384 -20.1671402559298301
1.1144022409885379 -20.2463217818755083
1.0026890450281141 -20.1336180624609895
0.9830473888976985 -20.1154321878875777
0.9335978455024647 -20.0650089198417696
0.9633950893237452 -20.0944425413137147
1.0396197040258988 -20.1703324320442334
0.9927995307137737 -20.1244487242974976
1.0040497597934408 -20.1370290696902536
1.0104904985085950 -20.1441978897165406
0.9895630747924785 -20.1227482799607564
1.0201011628033312 -20.1534371912671659
1.0847639213286910 -20.2153449506666938
1.0141414945566751 -20.1477383293107444
1.0561914289956169 -20.1880932662249180
0.9781471044852250 -20.1106506911048086
1.0501884142216100 -20.1823416530300754
0.9899543264806931 -20.1218497108490268
1.0313510586025991 -20.1621591488995904
0.9823146814027499 -20.1142059283480847
1.0617242327782159 -20.1937679966073986
1.0143456043874510 -20.1463674836184232
0.9898452126531556 -20.1212502785289402
1.0332245376067337 -20.1654804407914447
0.9675603604966985 -20.1006509919120617
1.0568172169629650 -20.1884881475453213
1.0375693817298823 -20.1711509612726907
1.0434391199380941 -20.1736427890033561
1.0303886350961879 -20.1621591213056988
1.0270996494556033 -20.1586214130246795
1.0227496306018311 -20.1541729395950178
1.0025511130089952 -20.1351766818194626
1.0716355191546181 -20.2028255658070499
1.0006497958852334 -20.1332498884176196
1.0090021453853455 -20.1409069415755546
1.0228723393365282 -20.1545258351004968
1.0567467835404900 -20.1876967493711135
0.9748705635874336 -20.1068643673002896
1.0225946341796921 -20.1549622819621561
0.9662895864659331 -20.0986440571352141
1.0203172503399665 -20.1527028343809747
1.0135005279666334 -20.1436962895733451
1.0227427381780299 -20.1537770249329675
1.0572657312990201 -20.1889316646080630
1.0006597859486597 -20.1316011237820760
0.9678882940302237 -20.0995115680443774
1.0654141012386578 -20.1971937196505351
0.9780359439137273 -20.1073766773057407
1.0547727627972789 -20.1856151161529844
1.0165689409967760 -20.1491832337875714
1.0022857232862670 -20.1328433142046634
0.9460576087190266 -20.0772145206343033
0.9967493766075125 -20.1285367721491149
0.9542554070651864 -20.0863888987984645
0.9766040779811997 -20.1075440190241252
1.0820883279221820 -20.2142950355405624
1.0013444395806530 -20.1328880064222311
1.0115974526687592 -20.1430393550655893
1.0276762822057000 -20.1612815809541566
0.9927051861215522 -20.1237558188325174
1.0270181409819559 -20.1590697947782012
1.0620065876763460 -20.1946756976216797
1.0170857812902629 -20.1474327921899459
0.9513716522362518 -20.0835063630730986
1.0331439532018245 -20.1650704602640012
0.9981630718035290 -20.1306729582677484
0.9724762164147700 -20.1049956794448548
1.0393852746810197 -20.1697357590149302
1.0120551633516754 -20.1448186588898430
1.0176669755520926 -20.1488641591951065
1.0334261037858115 -20.1658465507688653
1.0404437842588878 -20.1716574820577890
1.0015886111924852 -20.1324446382710356
1.0699423860054502 -20.2014113855826203
1.0188084365421637 -20.1497778570019150
1.0376545937731347 -20.1676776077591242
0.9582923267556693 -20.0880312939433310
0.9971977562707510 -20.1279403444054310
1.0269940692774251 -20.1581951353474160
1.0244293563300595 -20.1567608275791237
1.0196974310375924 -20.1534520602938194
1.0273685495116402 -20.1592267135517496
1.0444833440708416 -20.1750099182977145
1.0584667866691784 -20.1902865058394241
1.0330493651988719 -20.1653648100907716
1.0106471932417604 -20.1424671266845721
0.9979461622746996 -20.1300280329901398
1.0026705894456163 -20.1348759594831996
1.0213235595950414 -20.1535202243368268
1.0298143809717200 -20.1604298372895414
1.0362520669968105 -20.1677302852461722
0.9958101049554507 -20.1272656091134117
0.9935220967081527 -20.1253628772754425
1.0305124157078449 -20.1613740574695584
1.0252061694913943 -20.1578770359735628
1.0010111542743534 -20.1323376732851784
1.0552065773705461 -20.1869332810571933
0.9600685360205887 -20.0915108590976814
1.0420117333618750 -20.1744435124482315
1.0180945627763021 -20.1501525807114312
1.0121464721642113 -20.1438421183489424
1.0408871821035803 -20.1723651764657319
1.0028167373619812 -20.1350196248760973
0.9660105885486361 -20.0976977148815017
0.9886130926268806 -20.1216492811114733
1.0015297040749254 -20.1342035603487020
0.9892674514200837 -20.1221625754861009
1.0613576371407056 -20.1922642943122455
1.0087530655285160 -20.1392992634367438
1.0104531673128097 -20.1433884910356973
1.0154867556715530 -20.1469940433759795
1.1022521080855459 -20.2329391186274918
1.0013153562276091 -20.1326707264733145
1.0597805159876312 -20.1933422571462273
1.0144061995832649 -20.1466296348473684
0.9795478119100390 -20.1124705077183421
1.0195231101133913 -20.1510388479075466
0.9657728512007192 -20.0978510214507224
1.0567818470820576 -20.1894977298383296
1.0133458776773685 -20.1456903368751910
1.0168883668264839 -20.1483934252932855
0.9897244203398083 -20.1222773497606369
1.0226570681430194 -20.1549963057284600
1.0217312249091466 -20.1509576229758736
1.0536964951091352 -20.1854359488537050
1.0559359931632510 -20.1879178385291311
1.0453254194873982 -20.1785266376760788
1.0127006623714725 -20.1455349112182240
0.9686136236519719 -20.0990016771715361
1.0311565120928081 -20.1629107826281526
1.0602483529233346 -20.1912753410765298
1.0662788270002350 -20.1990079358573631
1.0651381411374268 -20.1979768537090294
0.9924041791018797 -20.1255658627715306
1.0005734539675422 -20.1335079635255241
0.9404197015664933 -20.0694674364672139
1.0088155462480131 -20.1394721971506563
0.9999657298128463 -20.1323934578613759
0.9871599156857928 -20.1192408144084780
0.9940004071464290 -20.1251153624724424
0.9977470385855461 -20.1300906446336931
1.0010743742704629 -20.1323349412890877
1.0018148652931025 -20.1330591433625123
1.0305336504396547 -20.1627438618960966
1.0333320918189126 -20.1639701245009029
1.0227083738933533 -20.1552705041359062
1.1012316261456172 -20.2333427557712007
0.9725176163393819 -20.1036003868387176
0.9601830769295474 -20.0906751496892184
1.0476242262115132 -20.1803365321799575
0.9845625537860470 -20.1155471174293154
0.9727560596025825 -20.1042136434426908
1.0490906176497690 -20.1815493558231687
1.0265751864574408 -20.1589139318974517
1.0175267703271360 -20.1491478425510877
1.0041900564670971 -20.1367609322661458
0.9881549310203983 -20.1208328767097484
1.0079173479071366 -20.1408530530235410
0.9715669117929981 -20.1040183577062415
0.9794267478141656 -20.1105356946342795
1.0485117027447557 -20.1818356473503613
1.0192450846242935 -20.1510918547596738
0.9820155834044733 -20.1130237992080936
1.0054504762094534 -20.1365764484441847
1.0239144070066470 -20.1533313763467525
1.0508924894668135 -20.1826322942492133
0.9617877123704484 -20.0914613708981342
1.0221865735347089 -20.1539230677803758
1.0598880433231475 -20.1904198434539630
0.9953166432041872 -20.1242710353241776
1.0896808336159676 -20.2205970074869903
1.0535033353790999 -20.1826126977292652
0.9817382564580136 -20.1131369870208054
0.9747331894761261 -20.1043229190709027
0.9727979628829745 -20.1034439471156254
1.0461919716636454 -20.1777162705676787
1.0068927561995376 -20.1350401936489369
0.9617627207690280 -20.0928996607438108
1.0247073828382975 -20.1567178275007350
1.0138847209264452 -20.1432232982998656
1.0628262769110710 -20.1938519553512172
1.0082034350375015 -20.1377584068674764
1.0706630734516123 -20.2006341120932085
1.0506324775450258 -20.1815474822101564
1.0468500605240632 -20.1776272411501196
1.0200830448418274 -20.1517053969440028
1.0258207929732328 -20.1569589051636733
1.0563513683437460 -20.1880108602219046
1.0441572601368421 -20.1757899057234873
0.9329586333704889 -20.0620314929722490
0.9425470878787477 -20.0731858699526917
0.8884173374270967 -20.0187823860825382
0.9719521720061531 -20.1023638430214788
1.0313566784307251 -20.1638281244452102
0.9875472242418899 -20.1173694626364785
0.9945595417845078 -20.1252270732649841
